21928.1
582.749
47.6105
23.7298
52.5012
19.8268
16.0265
723.489
14.8591
19.9901
2227.7
1005.33
3000.71
15654.4
2075.3
84.8727
2663.85
1007.63
1790.94
1340.56
429.028
213.754
549.958
612.384
70.2522
4364.79
6.15843
6.9518
832.172
12333.6
2.9992
1043.31
15042.9
1312.55
2867.55
55.7269
1444.49
87.0274
1071.41
28.333
52.1818
5922.83
137.016
22.7598
94.739
36.5568
100.305
12860.3
57.1863
251.825
46.04
12.0056
11.532
71.9252
295.453
43.2839
41.386
9.66128
21.3567
70.4409
25.7309
57.3918
61.7377
84.9451
120.233
153.113
105.302
901.796
37.2642
26.1302
104.719
279.887
13.4031
44.093
240.437
628.689
36.1546
425.059
337.229
48.8588
31.2491
8.27443
53.0325
59.1994
6.1179
763.387
16.6836
61.225
483.417
7.86835
7.50767
276.813
123.369
406.838
515.101
147.549
119.764
253.079
78.1879
209.315
77.0213
183.535
367.754
676.334
89.3756
180.61
132.038
733.214
320.268
232.84
533.764
618.954
25.8084
64.9378
21.2058
54.5493
251.3
173.219
204.303
199.321
115.749
229.396
410.469
61.7254
50.923
2.50884
237.398
91.7262
273.06
338.216
618.278
295.02
82.5863
130.276
268.699
13.3981
288.59
6.18045
466.347
277.561
106.96
1053.26
95.7568
175.983
89.6253
2017.96
18.2646
456.313
172.873
514.088
122.605
127.218
398.073
88.3792
474.421
105.751
475.079
295.749
142.348
75.0996
302.11
372.887
154.164
75.0974
348.926
86.2993
122.166
115.992
196.753
17.8589
42.6988
199.994
122.869
170.598
257.138
415.063
272.477
15.4759
133.97
1368.97
363.705
87.3023
57.8536
423.195
571.598
199.42
545.218
334.9
537.816
287.411
193.13
29.709
14.1506
72.2868
42.6973
164.161
93.2925
19.2625
70.2241
22.7195
1.01478
120.905
724.294
247.155
141.181
11.935
524.844
100.525
11.0674
727.819
149.93
48.1433
93.4753
90.3939
49.9021
506.177
10.0175
9.71161
210.047
68.7956
44.2879
45.9144
499.285
23.562
21.3897
802.059
384.868
54.4512
182.989
58.6551
538.882
7.55624
185.58
22.6121
21.002
231.408
67.4793
816.933
62.5086
47.7006
8.43331
70.4363
862.447
177.335
56.9693
31.1261
163.089
92.0426
198.892
62.8718
7.28287
632.6
7.56449
60.8259
437.714
52.8912
445.577
58.5284
369.657
282.494
38.8109
71.867
885.497
36.6556
34.5291
365.011
46.8358
82.9744
18.6162
175.428
148.313
11.5207
194.138
136.174
170.111
396.745
71.5235
349.231
253.026
20.0947
702.863
990.895
12.4189
82.7172
301.304
16.5025
20.9043
210.924
117.817
55.8105
806.382
88.0956
67.0792
34.9436
4002.54
444.623
128.805
35.9133
75.6673
18.4347
142.699
276.49
2294.93
216.974
364.287
219.596
15.34
157.302
401.11
679.891
775.054
46.8978
24.164
513.82
145.525
11.3941
105.725
78.3181
275.357
510.98
24.227
240.569
824.563
3183.49
181.316
45.4265
130.678
31.561
88.2095
288.093
340.709
1743.4
256.513
40.3397
100.189
1190.86
417.12
730.191
15.9341
105.593
33.2355
98.7481
38.431
297.946
428.367
453.389
114.255
129.652
74.5241
101.405
196.414
108.138
2210.87
431.644
309.334
22.6835
55.7839
38.6668
308.577
1138.82
92.9124
772.811
223.777
363.205
135.144
20.7945
21.5085
16.6166
25.3817
269.635
66.7664
83.2611
2.79636
50.8999
104.493
304.131
173.978
103.232
21.6925
36.1112
117.312
67.6833
251.845
293.234
237.246
999.258
409.457
174.608
335.065
75.491
112.211
723.853
285.67
2.76582
26.9582
6.97456
28.9157
51.6709
57.4614
123.309
155.155
52.7965
10.8775
546.7
9.86562
38.0649
112.597
89.9442
189.872
89.453
697.255
77.6678
334.196
422.884
1837.19
28.9346
622.783
613.383
82.1692
48.8975
1157.68
93.547
156.622
21.4411
226.653
40.8629
31.4739
378.426
14.3649
309.979
294.166
299.394
51.0568
68.2715
76.3623
24.3579
18.1245
14.9617
22.8992
66.6897
64.3483
219.49
108.857
241.293
307.163
66.1493
423.485
71.3628
100.616
77.9658
59.0213
141.409
2129.73
2381.16
1765.1
403.964
43.5251
342.316
607.688
36.219
923.89
108.398
950.25
761.026
15.3349
20.1822
66.9701
71.8023
164.451
82.0814
104.984
149.012
3229.51
1319.74
302.66
117.832
66.4648
98.9704
217.328
610.699
23.4075
183.964
197.62
164.678
3559.63
55.731
16.805
66.3754
17.8414
30.5916
14.9553
115.712
23.3407
68.6617
36.038
215.462
12.6926
193.675
368.696
160.248
22.9635
105.804
173.88
113.774
205.726
253.592
289.719
43.7809
241.634
75.8437
27.9311
9.51323
22.5006
45.1386
88.386
50.4081
266.77
279.006
361.744
74.2973
37.968
29.1192
84.0079
126.018
186.432
123.064
93.3712
267.601
1273.65
14.0226
76.1789
95.2869
84.9693
35.5162
116.956
66.095
48.6063
103.608
62.9222
113.242
8.58468
2.17874
27.5286
6.51098
28.0686
12.0408
9.77912
47.1118
6.81278
11.6976
22.8632
37.224
15.8461
67.5361
25.8195
19.6751
126.458
22.8537
70.5083
70.8609
86.761
31.2212
23.1609
11.8197
47.4396
199.907
164.7
125.004
27.131
86.8607
83.5447
7.33701
41.6189
62.455
18.6146
57.7527
8.77356
30.8813
50.3463
24.9454
179.14
24.3642
11.3829
41.8487
25.8482
26.6099
96.91
112.71
33.5789
60.2872
70.7119
43.6471
208.417
108.647
140.138
11.0334
19.629
41.9851
63.9386
99.2754
15.0114
28.439
506.783
130.427
43.2541
24.9312
28.8028
272.736
26.0393
73.0892
49.2791
46.143
154.108
155.942
55.0654
17.1254
92.3264
922.503
21.5499
22.0256
7.33524
143.211
205.259
218.014
12.4121
82.4308
20.6738
144.975
105.477
21.9683
15.0678
40.7778
30.0032
80.86
99.1413
14.9747
24.2516
50.8724
148.523
13.2107
32.3217
212.679
8.51514
28.4269
81.7954
201.227
12.4253
27.8911
240.253
134.975
179.353
201.041
7.56482
253.795
53.0304
42.618
91.2771
96.7793
81.5718
105.787
83.3575
85.2809
3.19965
22.3824
89.0151
63.0642
35.872
21.0592
216.938
444.137
202.606
16.9621
4.16876
38.5355
148.23
543.127
18.8387
76.985
29.2959
2.51203
109.549
92.9647
10.1406
471.658
31.0946
105.433
170.827
42.2652
58.0186
69.4596
68.1334
172.399
22.226
89.05
49.1242
89.1667
83.7358
79.4372
135.927
276.862
23.5472
153.618
139.545
44.6313
40.9885
150.516
82.5645
80.6646
765.318
148.405
29.6299
319.771
74.4808
34.0868
21.7189
31.5625
47.3477
228.502
109.635
44.9244
95.4783
24.5708
129.578
123.01
81.2326
163.741
3.6933
17.6043
15.127
6.33643
98.6484
390.278
66.8143
148.327
51.1639
111.52
57.1665
212.105
35.6304
19.0727
0.477759
70.2024
87.9196
27.5917
26.4727
141.978
8.44338
129.475
127.488
29.1205
39.868
78.3959
709.897
11.2522
346.914
106.649
232.758
53.5755
28.2622
234.266
117.152
150.189
402.573
53.2567
383.676
130.243
62.7008
92.2514
71.1666
45.3805
100.662
252.282
47.6889
321.626
57.3874
124.611
82.6204
230.989
40.0702
166.804
141.689
160.431
86.3359
134.514
84.8257
54.87
138.941
507.221
173.444
21.0983
255.345
315.696
15.978
33.174
605.295
253.27
140.039
60.9015
17.1094
41.5349
373.102
535.163
59.3269
953.289
11.7558
137.345
84.0734
85.8721
356.001
358.896
73.0023
65.4834
49.9452
11.9366
79.2468
18.2795
137.621
116.18
95.8768
429.662
290.867
46.539
45.8056
393.496
115.296
27.4447
408.676
103.113
94.7682
155.775
283.212
307.289
5.76782
155.64
46.2665
200.8
837.153
698.866
25.3046
177.713
977.989
13.1793
88.6059
110.88
22.488
569.572
145.035
54.3929
331.728
219.786
69.3275
161.02
24.4709
956.941
50.5868
165.991
33.831
141.008
1.31195
249.979
155.585
175.874
191.831
547.971
48.7894
90.2928
325.358
0.174263
54.8037
1316.96
28.8946
61.1221
77.4824
21.1365
188.77
88.8546
34.0285
115.776
208.326
73.3144
191.124
81.3967
36.5387
25.3988
253.749
2367.55
78.9105
29.3817
85.9283
103.429
479.117
216.884
209.964
322.177
87.2378
55.7599
179.427
80.8761
91.4518
187.223
57.5974
49.97
29.1822
85.6076
63.9821
228.138
148.334
71.3065
71.7956
580.266
179.808
74.2505
252.463
117.333
22.2837
87.9367
91.1401
113.678
45.2243
81.5937
11.9629
260.784
82.2583
35.8862
117.458
347.332
3.25854
46.4332
138.049
105.016
42.2894
54.5442
61.2497
199.883
52.3658
425.231
13.758
54.4669
18.0645
138.35
827.433
428.835
260.889
810.812
239.675
9.96534
213.266
9.4343
63.6248
209.138
257.188
0.59561
120.061
3433.73
42.152
36.923
49.4746
35.1379
60.7346
158.724
635.191
432.145
332.11
613.58
220.046
288.757
1232.08
189.4
60.2407
214.453
50.5567
427.995
532.2
2.90581
80.4558
96.9336
111.043
784.961
141.822
182.773
20.3263
106.95
1047.5
16.7704
17.4891
41.7337
208.121
182.955
1696.45
470.375
449.999
35.9986
71.0314
361.816
67.6508
20.7187
146.485
79.7551
26.1814
3920.67
37.8217
302.11
6071.21
47.4128
4846.46
243.44
380.307
462.431
13.3358
1176.18
559.377
474.19
314.466
2999.22
22.7698
3988.32
244.678
655.772
9.74582
491.104
463.658
135.838
15.6705
80.0239
32.6233
3636.52
193.845
232.242
1218.52
21.8874
19.5984
7640.5
419.588
39.7664
470.542
65.7956
10731.6
1248.92
6324.87
194.463
23.8127
190.262
43.7482
136.411
418.755
5184.6
288.733
462.958
193.404
6.84335
20.1277
9.12141
243.399
51.8408
59.7948
15.2116
24.1434
9.39675
267.001
90.4549
29.9567
103.887
35.6323
78.4154
1.62368
31.3465
13.3437
10.6849
51.129
292.84
787.228
296.339
266.711
291.07
34.6281
21.6643
16.7635
178.016
78.401
29.2304
59.651
840.888
123.287
143.003
764.628
56.7945
8.32339
1830.5
86.2213
478.485
126.612
5.77702
288.967
4170.13
46.1062
214.981
2299.68
30.0169
157.98
266.277
1136.1
219.894
39.675
35.92
26.0764
431.802
199.308
113.471
97.1336
49.6082
161.397
158.167
81.2036
141.147
46.2938
3010.1
188.021
122.065
1545.77
17.8311
161.844
11.5283
4.21375
25.8065
50.3691
19.3551
106.262
27.0499
143.787
309.712
98.3839
365.354
30.1848
37.9263
1.83467
12.9889
76.3929
117.148
34.5753
15.1557
16.2415
15.3536
437.463
339.147
107.288
7.06015
155.731
29.9338
219.519
88.3994
99.3304
1302.29
61.422
302.815
255.332
397.514
815.813
15.5879
96.7629
47.968
230.735
22.4878
314.383
245.864
128.015
592.925
163.393
98.8994
125.272
116.785
28.0119
15.4961
603.37
2.729
117.113
24.944
72.1221
110.41
514.908
56.2776
25.005
345.535
555.339
550.497
97.5135
301.493
1293.68
150.984
289.073
200.807
97.852
153.293
133.276
42.9736
16.5397
3126.59
161.528
1187.32
15.3928
38.2597
8.22221
315.564
48.1662
12.3383
41.1823
587.07
223.087
58.8831
35.6407
111.629
16.6063
100.615
194.257
13.9525
166.782
56.9849
21.2405
106.278
683.289
426.62
468.855
123.696
123.066
115.605
73.9168
108.37
131.809
11.694
72.1342
132.727
279.992
92.156
362.386
41.3927
456.629
3.19773
115.766
265.71
77.7655
18.1431
4.22477
66.4729
49.0036
87.3988
10.4539
41.9023
419.098
169.789
69.076
31.5933
323.851
25.4252
29.1252
15.1579
66.5441
1.68367
180.647
148.965
206.683
283.788
17.5408
89.7278
298.162
160.084
56.549
190.176
26.6953
114.219
397.487
33.8298
4.62545
48.7861
840.817
612.167
51.0935
57.6531
37.2773
46.2517
123.108
92.0982
38.1447
267.627
25.4815
2.10176
42.3621
32.5051
274.636
23.1148
178.19
74.7618
15.3682
43.3499
314.544
63.9539
235.687
55.7262
176.002
384.268
51.8606
280.057
212.887
41.2763
59.4668
4.25207
356.035
33.726
17.2717
86.5827
120.813
64.4995
26.972
29.2198
356.233
33.584
68.3874
17.5673
137.499
3636.08
121.393
187.402
123.679
464.179
137.247
153.286
352.016
1.95845
327.14
32.706
64.4548
151.878
270.665
18.5195
5.89496
86.6892
269.865
385.944
140.432
17.798
37.8019
38.2355
22.1752
74.2214
396.321
48.1582
65.9428
21.6633
163.962
573.869
107.003
72.3898
93.9811
142.945
37.5126
61.6748
228.94
55.0408
45.3197
11.256
308.425
89.7151
46.6783
1160.66
19.3716
342.288
32.0715
25.79
244.087
109.196
98.6496
184.334
1999.47
149.231
1579.67
72.8196
92.2194
225.558
578.625
123.795
169.875
36.2273
49.5071
61.4569
3.52245
128.835
171.743
22.2787
162.795
480.44
377.221
21.6502
50.5954
82.6472
34.1741
186.73
327.994
124.787
532.198
517.013
208.973
215.207
2544.07
254.551
477.253
3872.8
152.191
226.015
471.37
414.077
671.064
7.46968
41.4579
382.693
34.922
177.664
88.6373
424.585
194.145
84.4411
292.722
1355.99
184.399
199.24
469.624
214.179
107.931
66.7576
176.657
13.8502
117.387
21.7191
75.7446
137.315
555.206
27.2134
104.85
60.7989
75.4817
103.953
202.62
158.392
45.8858
237.79
6.94412
349.096
235.684
56.4193
23.0527
165.69
1492.93
26.8546
513.44
20.1428
167.749
807.823
58.6791
204.421
451.039
1610.65
739.4
518.757
222.361
222.009
258.229
297.018
77.543
264.676
8.85631
102.812
59.4813
24.3422
290.912
85.83
83.9723
16.3164
10.1415
73.6721
236.762
14.7393
23.7255
116.982
1446.09
166.721
449.764
18.1931
175.97
53.6919
348.968
302.546
199.213
523.512
3.26137
3.72478
487.578
55.3922
100.82
38.9075
17.2381
55.026
74.6124
90.7247
418.259
309.424
167.135
110.54
104.231
2446.92
375.776
369.364
462.067
271.752
37.2598
22.6334
86.0618
293.939
115.681
637.995
38.5734
23.4488
11.2882
63.3559
30.8681
176.553
98.4689
3.94531
76.1997
23.7532
14.4676
61.6371
9.01333
11.084
90.9401
105.625
215.144
187.464
24.7153
21.6945
742.801
39.1562
40.7842
636.528
46.0489
1036.18
140.781
130.632
616.585
694.256
257.249
474.706
43.9433
44.0049
176.388
2.40033
69.2431
529.86
879.866
493.06
122.077
14.1226
2.4248
174.75
346.438
972.574
212.635
29.141
688.377
1607.44
1058.06
23.7503
353.121
352.048
385.71
440.406
1265.46
32.3106
60.3825
80.5611
57.4438
17.7723
26.5307
9.83568
3009.28
22.2732
467.093
28.9048
107.41
161.092
564.671
49.025
43.4654
327.934
210.937
235.486
64.762
143.101
506.153
31.8513
1502.12
64.0092
299.285
205.054
106.845
41.3804
705.904
248.435
1214.1
327.938
447.969
83.3472
195.412
373.247
1346.42
21.9802
130.285
679.093
129.764
21.7999
121.449
624.502
214.733
617.077
290.18
22.0691
450.605
971.037
56.3554
288.585
13.1435
66.5583
43.7501
59.0413
539.121
39.2587
93.0104
11.7412
225.546
888.87
638.012
580.645
73.3354
48.3259
375.572
537.975
20.6954
485.386
660.308
330.426
47.4372
843.919
768.965
605.555
306.827
6.87034
276.181
463.627
265.103
379.158
642.076
504.025
208.419
318.324
245.991
400.185
1651.9
1348.13
625.719
173.979
13.0349
877.992
163.01
2239.62
80.3304
25.4154
1918.52
763.025
58.865
157.709
144.032
34.7674
447.774
693.648
114.692
15.9114
21.1264
55.0613
133.289
549.586
471.011
176.116
258.34
75.3242
64.879
28.9164
444.957
587.381
698.761
91.3763
23.7771
133.32
265.376
26.2453
109.071
26.3364
1374.35
9.84477
28.29
184.874
561.42
17.5651
484.739
1025.67
706.002
199.535
198.845
51.3462
190.511
1862.67
3128.85
23.6284
176.878
211.476
147.023
42.367
41.7496
559.435
101.477
151.639
225.891
130.995
74.2752
116.955
164.149
65.9704
264.465
121.325
113.267
957.323
293.714
181.355
12.3944
1882.34
123.855
992.554
191.409
61.3615
134.837
108.636
1253.76
123.975
117.166
154.13
144.306
789.526
3089.96
76.391
239.505
35.8759
27.4589
70.5432
264.381
1264.23
99.487
34.8099
51.7316
93.5204
306.912
2173.85
921.869
301.071
14.1824
458.046
79.587
334.046
89.1745
26.5357
383.67
7573.32
80.1285
259.052
1049.51
129.037
220.473
7.10392
2315.88
207.639
693.788
997.362
540.839
14.6458
937.065
42.7169
283.824
407.518
606.24
160.168
157.075
576.848
17.5377
39.7182
67.9981
806.493
702.17
626.486
97.9595
270.192
47.9319
213.572
661.907
306.565
342.012
10.9858
39.6065
313.287
33.802
156.527
135.73
202.22
143.106
728.357
441.646
94.4693
17.8381
2785.69
236.517
507.13
90.6915
389.598
53.9834
301.498
36.8275
30.7711
161.154
107.975
4780.72
18576.7
22699.5
144.071
30.9058
17.0481
12.7194
24.7673
9.91676
259.853
494.043
1882.79
40.8719
869.56
69.8048
6.57579
9981.08
13883.7
29.5948
18732.3
3629.8
2170.12
1707.23
1929.58
38.5871
4.03475
1489.24
3561.84
265.003
19.6903
102.279
24.7971
46037.8
67.7602
823.699
362.851
71.3507
420.954
263.734
156.68
16.6135
3.95654
49.1013
12.7841
14.5652
5.9842
4.40053
232.585
20.7727
128.994
14.6956
24.7047
36.1735
14.7471
17.9657
427.709
179.842
8.38662
8.40374
61.5643
208.82
43.6193
113.989
64.6598
35.9448
12.6075
31.2162
10.33
35.2142
11.1263
108.348
243.428
23.264
380.33
90.4703
20.3697
126.563
19.7938
142.41
525.31
272.932
16.0201
145.83
31.0765
129.449
41.0242
109.857
76.2094
73.8436
233.428
98.4338
4.99929
25.6701
62.4127
78.9826
224.032
14.3527
374.644
40.5502
736.975
42.0603
2.32257
124.483
31.8187
800.504
65.537
72.622
35.6421
26.2551
38.8141
333.188
79.6314
425.414
39.1135
1240.7
12.2951
3.43724
178.897
1.21551
32.5126
1073.9
99.9207
53.1234
374.702
133.47
99.9999
4145.03
77.15
516.188
121.488
3.97353
35.2143
41.9422
55.2687
163.639
947.66
503.259
17.6093
13.7155
13.2959
273.239
134.746
162.463
176.859
2007.68
2209.26
5.55582
12.5561
16.8114
74.8671
96.1644
24.1693
552.949
183.934
188.02
479.172
23.9933
52.1739
40.9103
317.458
1854.53
14.7857
48.2015
172.568
202.568
1412.57
1043.87
40.3169
165.049
28.1598
138.094
1213.12
189.934
225.586
396.673
65.7584
72.541
71.9267
4.04204
35.5236
26.2351
24.7401
29.8631
140.807
21.022
347.188
259.242
11.5609
103.874
76.2256
1207.24
803.656
37.3031
161.575
18.0027
837.223
47.5283
152.581
332.386
5.41104
1287.32
1.14479
599.18
37.3809
455.075
133.425
259.777
456.411
24.4265
11.3854
272.235
38.9541
412.242
600.578
569.885
24.762
503.832
109.031
35.5584
158.867
221.2
15.3137
38.858
97.0288
440.456
143.289
100.993
327.402
0.665373
41.3834
118.587
446.893
49.8531
715.766
50.9474
97.9082
82.6417
19.7297
78.4466
156.101
554.863
17.8797
312.569
8.2392
15.59
51.7545
34.427
176.917
8759.67
971.395
848.538
100.841
28.4178
30.415
11.3893
40.5007
22.6493
12.7423
121.94
63.8973
16.0092
347.886
782.868
2042.12
343.301
133.302
51.5474
11.7206
58.0864
20.468
35.0142
30.0492
140.762
1.96033
63.5625
398.264
120.407
342.544
77.2493
70.2185
133.573
168.516
189.338
582.705
33.5092
71.1712
804.732
277.593
713.961
77.9984
176.606
126.243
69.9648
50.1665
71.9438
123.714
329.289
293.943
111.527
240.734
446.114
31.2508
102.546
15.2919
47.2032
123.711
127.285
119.931
54.116
203.783
38.7251
27.0638
19.3878
147.276
18.867
825.464
563.729
278.357
724.091
438.189
805.263
36.9686
35.5113
9.20271
21.0925
201.472
69.9616
87.663
59.4924
194.394
501.171
37.9845
55.8763
51.895
45.6167
1461.25
126.206
194.179
239.84
56.2108
424.076
170.593
200.578
39.8255
8.83944
44.592
40.4164
15.149
22.2256
55.6475
107.278
1166.26
4033.98
116.803
698.041
1492.98
5506.05
22.2236
88.6131
417.897
103.209
140.116
395.383
51.6004
1078.55
21.1004
129.407
680.347
166.674
149.371
1488.37
249.393
506.268
42.8902
67.0175
101.809
135.093
455.62
71.8788
184.895
62.0329
659.592
109.618
482.061
1848.76
23.7903
302.544
21.5918
1127.55
7.59353
8.08761
95.0149
831.87
142.822
68.832
242.6
112.145
526.454
87.2213
144.584
109.11
113.988
561.196
368.315
21.9722
33.5731
35.4046
11.8761
134.575
116.75
232.614
179.475
8.93844
126.234
118.783
29.4792
62.3875
44.6231
165.529
20.9348
107.628
63.6564
12.4779
15.7887
316.019
15.8821
51.2181
26.1897
17.2897
288.813
141.878
49.9558
74.0702
166.366
767.921
148.336
12.6833
34.9836
8.95227
105.343
29.3496
475.718
130.515
70.8127
14.3375
63.2206
73.4409
120.786
151.386
33.1158
10.4926
751.567
116.696
1442.21
16.965
238.393
369.868
51.7823
39.5183
336.368
202.029
91.4368
28.8072
689.922
212.819
2725.53
1858.91
139.914
340.29
162.81
67.4919
293.621
66.1599
72.8034
70.0732
427.983
15.6366
32.8361
137.108
97.8256
569.933
782.084
944.116
116.117
1601.94
948.931
78.7496
71.6564
164.631
2763.26
237.468
114.635
43.2529
160.86
40.0223
56.4945
248.289
29.7996
2321.05
308.933
576.206
129.362
299.76
281.965
156.012
46.6221
492.1
213.002
78.8684
15.3584
123.576
69.6848
217.599
308.777
131.348
16.2945
212.813
192.188
154.792
71.4437
821.606
2139.55
168.88
133.119
1787.41
9.26368
206.038
115.984
7.34716
80.824
175.641
276.559
39.462
29.557
64.8038
24.0322
39.3156
75.9883
102.838
140.586
20.3779
2676.5
12.859
713.966
729.649
36.4576
112.367
505.318
537.25
36.8879
467.386
50.6546
1105.18
513.731
215.4
16.8182
1352.35
86.911
542.154
42.7687
45.1448
1786.37
223.736
3.55016
13.9777
1417.59
3.74861
164.108
62.0703
1438.11
33.8807
402.994
172.853
57.7075
563.169
44.1349
403.525
38.3275
172.354
217.524
200.867
133.882
18.2467
107.561
305.541
65.6017
13.3981
336.425
292.161
60.221
56.3386
130.446
14.356
3.97475
70.5456
5.78368
168.48
395.836
119.752
361.427
176.547
737.552
844.285
2.23983
205.835
80.6277
2194.1
18889.1
409.724
44.0048
14821.9
9.32953
254.902
1494.97
20536.4
2144.85
2445.64
12.0796
37.2544
2282.72
24.8293
147.011
4033.62
26708.7
489.096
5555.91
123.096
234.677
249.039
1654.34
1367.75
73.7738
1719.15
73.4115
9.66827
600.034
392.601
34.1159
12.3331
27.677
4436.2
46.1248
39.734
2601.72
64.1195
1033.42
187.307
19929.2
314.786
316.323
3553.43
540.437
2623.81
601.687
819.734
360.188
207.526
15.677
11.7615
223.198
3698.14
390.744
112.465
631.314
26.1742
8.12857
1692.39
314.443
602.288
101.199
237.537
94.7224
361.89
194.771
3196.46
207.895
7347.68
73.7091
116.201
10.7521
748.698
364.293
30.5192
590.018
29058.6
2056.27
1023.39
287.161
848.696
100.755
1592.27
166.697
3480.45
16052.8
24.3547
1.68556
0.296241
27.5395
108.947
0.582945
22.1085
125.167
6.00834
41.458
11.554
12.0975
112.306
1.51987
16.8767
16.7236
229.915
53.7932
480.756
11.1492
1291.06
21.5226
143.841
10.7021
489.825
374.465
9.99057
144.591
312.14
4.28099
723.123
12.5841
2313.67
53.0558
208.978
227.328
16.273
88.0676
334.163
941.622
492.2
108.617
129.725
21.3704
484.379
252.194
28.8282
52.8715
19.2183
79.4621
772.207
346.951
57.4483
98.9663
969.567
73.3082
2296.56
151.45
163.35
257.8
350.262
389.89
7.94287
678.729
129.697
102.128
155.365
630.36
122.876
19.9155
45.6023
40.4999
13.7504
16.8187
17.2632
48.2823
32.4261
2.96347
1145.09
36.0549
5.51361
134.693
16.802
492.379
42.4522
102.497
206.599
9.38698
786.897
1950.24
40.0344
60.2333
4283.72
9.57083
66.4165
15.2869
62.1009
80.804
445.58
372.864
310.069
346.968
325.798
24.0875
4821.24
4704.49
20.6431
12.0563
93.3198
110.877
196.021
35.3659
3382.09
89.9807
244.11
91.0718
155.425
53.3558
141.178
40.3316
144.401
53.0867
1504.52
519.021
659.638
1368.36
69.1805
402.654
765.212
427.618
71.8984
250.071
6306.27
97.4856
289.986
2460.04
354.694
261.772
31.5368
22.6269
21.1163
822.015
4058.64
94.5368
1035.67
272.252
93.1166
951.956
112.185
567.79
488.306
473.521
1708.71
106.444
19.9368
124.673
150.088
42.7491
912.669
596.487
200.758
366.489
43.0335
224.936
40.8852
269.825
58.3664
632.958
1368.85
118.103
314.684
1234.18
256.421
271.784
267.301
65.0795
405.348
383.406
82.3728
19.2675
68.9826
354.675
52.9467
735.325
52.9314
44.4186
37.3628
464.188
286.969
364.431
31.0985
1019.19
3028.33
348.647
86.9708
4309.6
217.602
40.4909
436.471
9.99155
8.77915
479.122
43.5843
39.1401
1691.47
31.4542
452.734
102.281
128.554
22.0582
43.8398
593.063
250.445
558.953
204.733
158.571
1380.23
368.71
1957.23
2420.52
110.49
109.821
650.223
235.218
545.866
721.941
17.0932
216.659
162.463
178.734
456.492
44.3423
178.363
57.2286
6.127
13105.5
3666.06
170.483
1568.66
56.3962
1330.88
49.3193
1854.81
34.1508
2500.86
82.0191
275.088
2252.77
482.387
121.845
1235.01
122.035
122.949
22003.9
1909.22
267.971
44.357
272.39
2464.99
201.243
202.735
565.107
249.347
1319.07
38.2298
65.2169
9225.45
16982.4
17.822
13.0026
381.027
41480.3
97.9676
4.5553
163.717
13104.5
8.65215
75.4602
132.057
252.41
18.1196
94.3223
133.254
29.8031
26.7957
5.84199
73.7252
136.584
486.624
214.766
305.667
58.511
655.034
45.3014
9.73956
37.9315
1.59624
1165.16
30.9125
79.2746
2008.68
371.17
16.1481
68.6334
94.1756
319.954
160.104
217.698
72.9989
16.3994
286.333
219.953
43.7703
22.9205
1.24567
50.8958
58.87
16.9588
6.46553
105.509
4.06482
1148.08
209.241
91.1099
1007.03
75.9295
132.942
120.531
181.961
253.986
52.3618
367.793
49.3173
308.724
165.297
19.0396
311.722
46.8238
400.964
105.135
248.417
1632.55
72.7606
238.078
193.914
28.5407
61.8987
19.9335
409.586
555.451
220.671
287.369
19.1132
265.676
180.059
439.211
76.3899
398.244
769.977
6.11337
0.08063
325.969
1503.47
205.992
284.707
812.169
46.8859
608.323
20.2331
46.3378
589.095
325.881
43.8217
72.7613
10.2655
45.6163
279.668
371.09
2214.42
99.2151
64.3117
175.952
19.4375
18.7476
21.7003
41.0446
407.571
299.751
132.776
561.004
26.1619
348.452
35.4478
410.774
1214.7
50.3702
179.79
36.091
23.057
49.3861
1740.67
3.72992
62.4341
319.247
282.11
578.425
156.54
82.4305
367.417
601.634
163.35
50.0603
94.2059
323.881
170.342
911.22
277.127
36.9158
22.6823
31.6272
516.647
333.54
302.385
679.534
1381.84
232.55
201.409
1037.51
220.824
17.0033
60.9612
299.693
29.5824
97.7206
1619.74
223.868
10.165
102.103
27.9162
94.0601
65.8582
295.791
140.251
183.029
322.697
113.707
2645.09
30.8827
28.1231
87.8301
312.31
595.037
49.9566
14.0253
6.70348
409.978
17.7306
122.635
13.0714
39.2708
25.3031
36.8812
121.178
30.7542
210.77
86.3856
14.7874
309.387
6.17944
624.412
73.4202
357.864
401.748
10.7932
11.2213
96.9761
152.457
52.6208
64.4101
41.8766
87.9742
428.492
157.299
387.602
46.1537
217.231
186.646
108.777
54.6477
271.818
148.435
10.035
14.2953
15.4782
163.762
51.5634
80.1465
34.4473
164.692
8.97662
172.005
201.594
58.3848
399.225
74.1064
979.744
47.3542
202.546
1179.55
238.897
3.62748
88.5136
213.531
38.8913
80.2789
29.4591
445.319
153.016
102.871
59.1767
205.719
26.758
3.12351
46.202
19.6987
5.51147
148.784
15.5953
26.8614
29.8744
19.3659
3.67942
32.5329
15.3866
99.9843
153.403
583.323
135.895
227.478
255.329
10.6481
8.67104
22.0441
1193.08
31.6407
884.304
287.454
3305.05
207.992
132.95
206.788
148.942
115.108
1806.74
109.575
1367.43
73.5158
274.656
68.0309
315.871
100.535
59.207
5220.25
269.858
19.5207
3.92376
4.40719
55.6897
37.2343
78.0511
18.4538
21.8963
67.1157
100.366
87.7977
228.802
44.8667
185.466
760.128
186.144
71.4305
30.9489
359.275
15.8747
23.2415
15.7717
208.531
74.5035
263.583
6.65735
354.687
1621.56
545.997
930.692
162.064
93.6993
5.56628
33.894
13.2817
1272.14
203.305
61.3525
1421.62
61.9817
400.146
6.58192
43.2207
118.304
246.737
18.2613
1699.54
784.606
166.075
394.658
3.45292
222.179
186.502
13.8369
11.9766
12.1249
160.786
211.832
276.772
179.084
17.7697
89.6106
354.955
201.181
164.163
21.6356
253.285
118.839
50.0452
865.887
278.691
495.01
166.603
784.752
1731.93
636.697
435.793
68.1721
315.114
395.973
562.718
829.087
72.6558
108.138
87.01
800.7
26.3994
131.529
72.4311
508.341
30.3832
144.237
71.7653
692.962
462.502
408.837
792.7
7.90982
40.1588
33.741
58.909
24.0247
435.978
108.896
45.1686
53.0807
114.192
359.84
67.8213
205.944
25.2695
42.9416
36.4616
40.6655
58.9741
62.2048
42.4492
255.58
38.6246
41.9306
17.3032
131.085
91.7517
34.5708
25.8779
2.25618
59.7258
187.004
7.55156
82.9102
327.072
61.6634
492.869
124.68
315.356
58.7841
581.692
26.0228
181.266
37.1076
831.333
197.284
131.992
778.435
2899.89
182.999
109.358
208.292
10.3408
5.04695
40.5341
30.4378
8.49592
197.033
12.9245
55.9826
16.7921
280.382
26.8714
52.2501
47.848
149.341
89.9332
45.5922
3.93348
56.7667
100.11
151.823
153.173
42.5089
48.3867
79.4341
41.9821
355.529
107.647
175.751
243.471
13.0929
103.165
531.309
108.049
71.4951
23.3802
204.796
6.15019
155.556
23.354
165.711
29.4878
53.4166
260.559
298.589
4.09434
48.7495
466.394
55.2725
10.7987
201.792
47.1473
105.459
95.6519
29.2873
233.566
9.23018
683.938
352.25
142.978
221.394
23.5717
40.2146
10.5458
27.1145
382.356
11.5736
40.7552
16.3859
33.0186
120.581
108.298
43.676
22.352
79.3547
47.4335
37.4157
244.555
2.5073
3.97084
359.564
42.5626
6.42389
639.489
203.508
100.624
545.67
755.402
264.955
603.98
345.872
49.1679
38.2086
1484.83
69.604
244.244
180.031
217.462
230.361
3.99097
9.77249
3.78553
20.6616
6.59398
47.8225
102.475
1713.56
464.91
320.554
496.819
762.831
116.687
2067.69
125.518
141.83
992.168
359.321
192.46
70.1737
11.0434
69.7199
84.3391
150.881
16.6875
622.549
290.475
9.42188
189.389
12.1031
589.654
93.2459
64.5594
574.498
179.73
700.283
5.82464
220.67
11.8497
234.156
145.077
34.9066
8.4426
89.0746
379.336
64.3872
64.522
8.9696
746.297
148.697
27.4037
464.199
41.6069
32.6308
282.613
118.436
25.286
38.0196
76.2934
161.59
79.1114
22.8247
13.9584
311.781
10.8271
70.9836
130.804
37.9075
226.353
23.9905
165.228
57.3535
710.563
2925.23
17.2023
46.6511
134.521
138.399
340.14
24.1469
49.2192
281.141
9.71127
212.336
125.459
55.7408
109.255
11.9349
223.46
157.016
101.385
132.803
41.5952
14.7707
41.2477
16.5007
66.2699
169.44
35.8184
52.6078
317.535
232.72
54.7154
146.679
422.075
194.424
87.8074
169.888
410.195
36.5782
261.382
62.2524
130.584
20.4956
286.721
288.127
106.084
143.742
114.692
398.639
11.6851
119.981
380.339
62.7962
134.257
15.6786
351.855
25.5259
16.9154
35.621
65.5689
187.339
36.0059
392.923
169.401
81.3553
27.9155
203.163
149.97
9.82222
371.208
61.5118
1722.72
526.182
79.8689
256.02
918.379
13.5495
32.9419
23.6972
86.9897
97.3314
152.901
468.49
33.5305
563.682
1742.04
207.35
183.996
446.3
64.7901
333.443
24.6096
210.897
166.799
6.66282
100.168
94.9371
56.1823
66.8246
83.5067
130.952
15.6091
26.2113
5.41349
130.962
99.008
10.5868
378.487
105.092
9.8823
26.826
34.1266
172.566
81.0901
46.5583
106.816
117.797
13.5065
51.8581
302.696
15.2177
258.242
346.294
89.2812
78.5722
27.5787
328.393
33.0397
115.117
63.3773
37.4322
135.542
10.8104
31.6276
43.0483
46.57
474.471
106.128
176.14
333.272
57.7781
47.7195
139.342
297.705
101.175
138.412
51.4313
164.56
51.8271
49.7116
101.251
327.568
137.868
72.9739
260.927
27.3258
155.41
179.251
70.7998
18.8201
72.9673
230.149
192.776
195.291
43.1141
105.412
1462.9
1556.42
17355.7
290.531
266.636
373.863
1307.24
1849.43
2113.06
1074.91
838.937
652.465
106.92
41.2497
1354.71
4500.28
732.558
17106.7
27511.6
55.1385
32.2226
7909.43
594.12
632.935
24806.6
4352.42
94.686
177.24
1326.29
574.388
392.707
41.2723
141.909
1040.67
4780.64
67.0577
74.7142
8273.12
1475.4
63.5923
317.328
166.343
985.121
242.643
893.966
281.03
423.72
47.2316
577.263
2064.12
456.925
121.304
45.2704
217.806
5.10386
132.704
0.41098
35.257
830.214
138.409
237.178
17.7965
130.32
12.1703
24.4158
11.0209
102.308
123.382
148.13
0.392389
559.654
309.699
101.913
523.878
57.0922
321.714
274.284
302.296
362.964
506.841
20.7656
275.656
14.0011
59.3544
49.6666
31.1056
217.767
293.819
441.338
247.934
84.3291
686.641
201.715
84.0326
29.987
248.933
72.1995
22.7618
170.447
49.4785
263.661
59.9958
35.495
293.581
402.745
74.9437
25.0943
246.58
401.62
29.8396
121.323
289.478
201.984
29.3441
83.4993
33.0652
50.212
33.358
53.464
20.6348
52.263
348.464
836.163
811.666
159.269
1874.59
263.893
867.164
896.79
376.774
26.1359
6.13965
79.1315
47.3801
382.179
263.412
256.558
215.055
471.143
1.16813
243.921
197.809
441.593
815.021
318.577
312.292
51.1063
8.87069
85.5344
502.638
271.359
148.665
375.208
6.10296
35.1431
14.0754
52.7896
113.272
78.9739
74.9944
219.836
44.4762
216.721
115.345
227.478
35.4501
250.839
204.809
0.238014
69.3361
9.13459
59.7369
117.78
11.8854
1181.92
22.3962
131.79
117.47
27.8539
1083.01
306.321
34.6512
118.141
5.9557
1075.72
348.912
63.8732
911.807
18.4943
76.8604
115.511
247.767
154.821
8.1426
1070.1
182.626
55.9677
18.7336
96.0458
170.535
40.4857
136.39
133.985
26.0219
57.3414
179.689
31.7234
27.4237
7.98945
288.192
1985.52
125.21
16.5392
446.288
122.589
483.038
401.923
142.192
679.272
1066.67
1920.46
10.1081
284.626
22.3762
366.246
86.5741
298.528
29.6952
69.8987
426.785
221.586
42.0193
2.58747
126.865
80.8374
53.6897
10.6105
23.4193
26.8715
612.368
327.286
1709.09
1416.33
38.3933
294.256
56.0778
164.538
683.633
369.361
269.008
16.6253
27.7919
73.4361
14.3783
24.822
161.905
151.931
1115.69
590.605
224.209
160.695
47.7447
160.849
14.2013
62.3999
512.68
439.75
622.298
1157.06
516.032
1282.92
36.2751
27.7632
442.389
309.927
33.9523
502.244
57.4264
221.625
3.9116
269.415
317.058
190.342
837.573
40.4939
300.24
753.937
349.563
118.423
27.0246
2021.28
634.75
89.3608
48.5996
88.4593
123.482
656.328
278.317
233.774
360.387
162.251
52.0008
29.4925
26.4814
689.392
15.0547
996.868
577.127
9.48855
17.8235
19.1057
1206.49
10.0097
1572.44
306.483
511.983
359.966
196.735
300.362
126.628
133.156
35.1738
370.016
6.5142
611.262
96.949
136.386
415.591
47.5782
333.522
51.5964
35.5336
21.7441
232.477
96.4636
386.81
51.3998
143.714
494.491
19.19
36.6233
19.836
11.0112
870.197
54.134
480.188
46.3651
96.3059
1812.4
173.36
412.14
7.98552
1236.68
395.549
15.0143
314.448
427.473
147.982
42.1901
182.17
246.569
991.111
39.6715
60.7712
55.4488
21.102
308.653
175.116
124.644
42.0669
71.3668
80.5578
335.189
40.1364
912.626
65.0973
220.009
31.5951
44.8888
114.293
641.956
98.1418
1086.46
35.3477
268.834
710.688
240.851
330.59
52.3585
541.866
141.703
35.0522
76.5901
7757.78
5.10784
689.545
18.4322
70.28
1118.5
4.22062
52.0547
628.704
32.4379
1025.23
884.321
571.33
35.4887
670.272
4.46897
209.668
512.931
155.946
55.7548
1258.26
256.281
290.538
191.6
65.3695
100.802
127.018
49.7505
112.035
10.149
801.72
1302.87
36.2007
764.064
359.258
1969.32
875.842
836.492
433.296
143.754
109.013
58.4542
30.0136
720.247
802.814
148.936
66.9101
187.761
32.2179
582.148
14.1224
55.9729
74.9853
92.7129
221.776
97.6252
25.5268
9.25314
613.497
1925.68
253.764
974.651
34.538
97.4963
19.7845
163.607
803.288
44.6863
368.318
22.3767
3096.67
205.458
38.2093
1435.89
38.3293
3.73998
1860.79
104.425
1200.8
1343.78
141.812
1831.59
206.916
110.481
19.9319
316.741
746.373
6.48858
45.1982
1342.19
10.4422
15.4832
387.877
289.055
555.239
313.728
8.72987
164.153
18.6406
264.184
282.464
28.4332
18.5527
162.103
63.2666
357.352
84.6091
29.4693
8.53175
370.391
674.297
113.532
99.605
264.649
533.605
37.8344
4.56418
75.3394
598.245
161.176
604.356
139.68
469.413
2596.77
56.5944
106.684
46.5745
246.887
369.638
17.902
1153.2
9.32661
40.2622
1243.49
97.9421
14.7755
811.232
272.83
6042.35
58.9253
36.3518
834.035
294.615
768.976
495.397
1425.64
245.389
31.2706
141.847
162.075
683.309
53.5325
511.628
5.9273
74.0248
22.7677
147.262
20.3428
1337.48
75.0493
5.41009
290.707
213.044
8.16262
519.214
110.333
43.6676
107.777
222.193
36.9954
441.604
368.629
109.804
144.18
93.7191
86.5416
30.2147
417.603
7929.59
115.591
85.3355
914.638
150.997
49.9579
59.1285
173.66
523.353
141.962
10.1623
661.4
4.07546
72.8932
116.877
9.75343
6.63481
155.231
166.084
716.73
827.363
483.893
89.6671
23.2696
117.659
23.7293
3.87675
955.623
920.909
317.729
141.169
144.837
51.7953
162.652
16.8483
30.5599
34.2511
90.4368
7.28906
56.6153
1845.96
157.339
29.2858
1108.93
714.682
678.808
25.8446
11.6818
74.2308
465.511
4.19354
25.582
364.684
267.406
505.907
65.4899
88.3899
149.432
32.7179
348.454
6.38912
18.7964
1563.5
304.719
11.1091
22.0559
17.833
1381.34
643.624
11.882
194.092
55.9695
51.3764
10.9697
231.361
757.236
152.073
538.887
1373.49
378.795
93.7584
228.584
7.43151
1171.62
346.161
131.56
131.361
39.8805
1250.58
1067.12
50.1018
308.739
437.363
65.3334
8.90177
122.068
234.003
202.023
239.723
134.346
436.414
5.08856
45.5132
121.45
36.8316
27.8967
14.7616
49.6894
970.927
98.2715
306.886
85.7433
44.2312
5.00504
45.3375
144.121
20.3273
20.7674
22.0969
159.372
52.3804
165.576
63.5783
8.68549
104.029
99.4181
53.9991
105.889
63.1749
81.1045
87.5793
38.7293
424.826
62.112
493.522
5.74728
134.437
267.668
37.702
3150.82
346.279
50.2753
223.636
43.4204
276.554
10.3773
181.23
28.3725
244.287
82.4693
2.39534
14.7075
1639.21
2007.05
121.905
300.633
929.4
163.828
107.994
88.1415
17.0591
182.106
698.222
131.855
96.4331
723.418
71.2992
1180.81
41.376
335.325
5.34297
141.491
12.2259
116.496
26.5259
204.929
30.6944
27.4601
209.605
11.5713
51.876
15.6554
98.9749
200.732
303.956
17.1109
236.88
67.6979
90.5714
167.676
8.76438
117.143
2.79514
1227.43
986.082
84.4072
108.502
178.183
3941.51
66.2333
110.308
467.031
177.082
20.9145
10.1095
148.785
33.6788
778.482
233.583
2388.77
48.8665
13.5069
147.079
57.9849
23.582
31.8456
1824.91
25.4357
1224.41
38.5763
4.22108
54.7465
102.831
31.6442
3611.73
1830.7
215.353
44.7082
119.456
18.9251
60.1326
634.135
9.23573
48.0723
39.8981
142.673
98.3164
996.665
266.068
210.378
54.5537
25.7201
202.205
99.0026
193.218
56.2354
69.2975
7360.47
1000.55
1255.5
401.216
135.588
135.332
53.6621
71.2152
217.132
109.786
1845.38
947.926
32.0664
78.8619
891.2
29.6652
234.813
7.26029
269.242
44.3572
608.845
367.413
329.311
228.674
91.8447
76.3991
36.6524
230.124
5.0974
8.61934
435.773
189.45
113.807
8.54447
247.774
729.783
1479.1
47.6016
38.8485
9.20286
449.153
23.6277
5027.66
637.836
234.752
191.187
40.4
15.2614
842.699
6.93464
346.605
850.356
24.4975
214.368
509.252
141.966
1619.25
152.448
76.0961
1817.68
246.501
953.174
66.3286
112.168
223.248
224.21
83.8789
771.405
618.822
115.036
44.6076
7.43512
293.015
231.675
121.138
129.007
8460.55
59.6281
1545.7
38.2898
34.6257
13.3648
36.8975
75.5012
735.574
937.185
297.631
68.3667
9.32786
1210.63
81.3892
229.759
48.9424
286.104
981.823
71.785
281.299
88.3503
15.0351
74.6862
762.252
37.5014
220.231
831.823
199.077
133.332
135.41
1295.64
343.281
39.9641
8.58556
184.042
457.38
135.351
133.381
68.1254
104.878
75.858
115.861
672.381
743.964
526.533
1668.65
102.031
22.5079
303.022
251.248
479.62
219.567
91.1084
313.825
101.519
357.114
403.056
326.391
785.947
343.049
659.67
248.807
27.8303
1488.43
632.196
1433.61
1045.17
12422.5
2745.19
165.399
116.01
468.416
6899.83
54.8326
55.3328
37.1685
216.943
67.6342
115.765
17.2192
443.475
570.854
112.674
2117.49
9.50535
10.534
1180.26
100.307
159.641
17.9072
185.457
234.615
1921.91
1427.79
69.0576
68.4798
153.648
33.5111
217.775
186.187
251.254
154.93
306.875
283.521
799.319
242.85
1890.71
136.318
325.211
277.83
117.857
410.317
72.8164
87.0079
3333.07
1302.72
7752.1
20.1861
265.956
13.4364
247.807
441.432
14.8055
380.983
144.492
19.0505
455.854
48.6925
77.679
694.615
49.9593
1057.84
67.7811
59.0905
108.217
510.633
399.266
932.403
168.248
55.8687
31.8137
296.156
311.983
409.546
88.092
127.456
117.935
177.139
1303.08
412.324
2007.2
2374.66
3384.87
1642.56
142.226
335.153
466.371
248.83
178.291
11.2051
1449.45
288.425
663.74
252.264
2072.34
590.897
440.925
108.229
841.091
230.832
88.472
393.839
14.1943
14.5122
108.195
108.687
340.05
49.1249
222.668
145.796
13.8808
171.672
112.848
334.322
253.787
115.902
190.58
92.8921
9.26042
92.1703
56.4336
23.7314
238.958
392.211
293.714
536.59
323.818
89.852
113.275
841.086
1305.58
1521.74
45.3842
2.1163
15.2525
5.01268
17.4545
702.123
28381.6
50.3194
510.451
1064.96
11718.2
1104.57
7204.82
294.149
459.901
21.5242
1409.04
123.661
9445.42
293.581
1504.24
1918.94
1921.42
17.7589
495.482
29629.6
15.242
216.228
1175.02
75.265
24.6336
687.328
22052.4
233.686
1369.67
588.528
2253.21
1425.58
542.275
567.786
93.9553
7329.26
11127.4
1786.35
179.318
110.599
2745.36
26.0003
237.781
1.77983
9.37364
0.610793
5.54802
124.805
14.2672
43.1908
71.7195
77.2946
33.9883
11.4147
624.348
231.534
232.928
493.93
17.5148
104.077
25.5828
125.562
95.1088
107.098
127.682
145.914
35.781
16.0713
15.8644
176.019
176.557
25.9575
99.7581
87.2758
275.268
97.386
147.538
242.07
335.607
169.503
6.85841
210.814
8.33096
104.418
94.2367
514.236
104.453
40.0765
164.927
30.0422
30.2502
633.945
59.2632
54.8662
29.8033
319.9
30.4614
33.3847
949.855
10.1478
458.545
18.941
14.252
35.3939
130.377
17.3268
197.709
257.882
361.515
887.194
547.634
32.766
97.4808
91.1392
139.392
424.407
13.7927
321.001
14.27
23.7551
108.454
27.0144
104.413
262.493
162.742
10.1467
122.338
444.6
126.652
269.376
119.188
166.241
171.18
166.366
450.637
15.5045
516.726
8.38579
121.393
39.3612
793.443
1275.52
23.6627
47.0271
1741.47
12.0248
2146.92
59.7982
100.694
53.2831
9.21236
57.3761
182.576
8.93887
224.059
772.977
53.9506
73.4361
90.5278
62.7438
0.366985
277.832
1777.78
56.9725
102.928
242.642
150.967
1022.51
130.348
4.40164
247.297
37.1631
28.3409
63.3417
53.6977
2274.71
432.84
39.2264
87.901
69.7783
266.635
33.4727
4.55905
28.9864
12.8287
1930.2
541.036
53.1322
65.6716
190.613
57.6287
412.632
687.572
45.1988
259.266
38.2651
60.9262
190.757
277.541
369.616
42.6857
138.405
31.4764
4.71991
26.3592
25.1235
183.062
732.329
43.2448
234.204
225.75
12.5893
5.97918
37.0502
935.513
1458.71
7.26825
213.213
42.6013
21.513
10.7873
16.4435
4.63594
294.4
100.441
65.5253
95.5306
594.925
249.458
91.5732
53.1941
70.5099
652.07
156.847
3.73176
193.695
248.167
1189.99
132.812
1839.41
50.2598
658.796
36.0029
65.1182
153.814
163.191
95.4783
578.523
18.8181
23.425
306.029
33.5742
52.3326
239.238
9.13467
43.5589
424.118
70.5501
1152.06
208.381
4491.81
85.7019
10.021
559.296
146.141
559.29
18.9245
280.464
154.639
245.66
300.502
43.3195
310.059
107.301
627.112
44.4161
18.3505
15.8225
327.792
546.13
41.1309
994.168
1980.29
95.1952
20.0807
47.8064
148.206
58.4255
14.3355
692.614
24.0144
14.8384
29.6242
206.922
103.16
275.163
167.182
33.3579
143.368
75.099
43.5977
4128.63
578.391
20.6021
66.0578
56.9522
147.159
420.649
209.78
1656.97
626.321
410.508
508.532
573.623
26.5643
772.778
266.883
424.465
223.638
942.268
128.314
480.103
35.5553
36.2148
189.199
198.14
84.0787
8.41705
8.65451
35.7388
171.975
465.732
112.604
79.7668
84.0871
722.071
238.315
200.581
413.452
114.343
39.9946
57.6246
37.0988
9.7749
452.993
382.365
48.6195
9.29426
1480.97
270.96
360.041
519.578
7.27725
303.987
38.9214
2.28825
15.7714
36.8856
845.035
34.0333
20.0803
30.856
913.948
2838.35
34.7412
21.5991
19.5052
62.7164
71.2904
11.9042
54.0952
80.1522
227.13
14.2537
366.588
1082.55
49.0456
735.584
211.215
145.971
57.6174
2.55259
70.3434
35.2274
55.3408
14.1627
457.361
73.3231
158.065
1792.39
31.6466
755.04
3564.46
1112.2
309.726
222.905
982.832
190.374
319.548
3886.67
2826.99
278.457
172.862
178.215
23.3313
33.2916
133.208
23.622
53.1259
129.629
863.058
90.921
43.254
19.8319
89.8073
76.4106
39.5146
74.2741
721.561
358.206
97.5149
965.591
47.8487
844.92
325.75
5151.17
308.33
224.329
21.6832
124.692
15.273
49.4061
5701.1
300.16
2071.42
3546.1
2607.8
34.5105
414.537
46.834
22.9158
7.84756
5.01908
21.1749
1009.14
66.804
198.066
70.7772
141.263
73.9712
47.2081
152.605
24.9708
33.7329
12.4326
188.525
140.358
301.782
7.99183
250.836
1945.53
6484.73
6689.53
7888.92
9214.6
4060.38
12.0293
20.7106
2406.29
1751.61
255.634
74.9791
49.24
591.043
91.1513
22.3397
7.64755
19.6074
973.736
1199.53
194.126
57.6917
173.288
221.304
69.4593
428.814
49.5935
133.084
361.217
195.344
53.051
163.633
97.0194
120.688
78.4196
126.075
82.2611
156.49
234.98
416.335
22.5507
57.3467
9.89893
57.2536
230.903
119.827
276.975
291.143
13.3445
31.3873
732.238
93.41
143.026
51.124
132.053
14.9732
40.1881
51.4371
81.8583
93.9921
38.4508
42.5136
31.4319
35.8138
181.869
198.676
58.9383
480.126
638.078
53.6725
204.731
1.70939
185.223
258.131
36.0424
53.0514
1656.96
716.092
182.461
230.65
337.938
18.8748
58.9961
245.391
102.531
516.763
246.25
77.3982
156.185
34.3231
361.162
57.0578
97.4404
335.273
83.9238
65.5779
7.05039
50.3009
19.532
82.7069
198.672
364.342
22.9024
425.389
132.428
20.1277
20.6996
310.97
265.899
272.962
110.241
124.932
27.7671
131.125
305.576
384.378
36.7008
79.0048
61.7671
268.718
8.70896
42.2314
547.257
225.854
894.389
157.035
17.0815
250.403
177.81
207.482
669.704
111.766
10.3969
21.3083
30.4857
1134.55
1682.63
7.60363
145.966
67.375
298.431
201.198
632.172
953.337
118.238
412.741
41.7597
1425.12
330.714
229.588
441.301
228.67
564.158
19.074
320.353
97.0394
683.423
843.652
76.9691
3.68625
65.6902
816.658
42.0508
195.429
474.163
44.1482
52.1015
53.7806
160.703
69.3817
37.2043
179.185
146.425
95.5963
69.2058
418.932
72.7645
171.358
16.297
492.277
54.4812
98.3628
80.6811
1614.02
1181.43
744.234
154.763
265.814
169.23
719.762
492.443
360.093
160.78
437.699
41.0663
11.3687
483.636
469.718
263.608
188.694
26.4187
1156.06
131.774
283.979
20755.7
377.436
23829.8
4815.57
59.4388
4066.56
2.63676
22342.9
1271.81
102.437
158.953
1841.99
2291.5
11187.4
64.3031
366.484
1341.81
148.023
203.212
5200.37
301.839
707.661
1143.94
833.796
1228.21
363.911
1375.08
41.3856
3806.89
195.737
800.272
2082.58
9816.35
92.914
288.395
693.336
39.4156
48.2466
552.965
357.357
5098.06
419.189
682.505
203.705
25001.3
172.636
148.244
55.8218
28.7271
5815.23
240.095
607.306
643.873
301.729
1047.79
276.118
8453.57
2914.64
13130.8
41.7887
1827.77
1070.14
143.32
179.074
4293.99
130.388
14574.3
157.824
13233.9
192.687
10163.2
736.652
5288.35
6514.23
25.1419
227.163
110.257
8729.87
23983.8
126.108
62.2809
246.119
828.397
27679.7
74.4728
529.576
306.251
169.258
2321.53
2668.07
1872.47
313.666
125.538
5542.5
9.43026
6080.36
146.714
145.592
83.4094
24.5732
82.0486
11.5334
325.127
7.31437
12.7002
36.3525
9.59323
44.4161
4.60559
9.21435
148.237
11.0383
26.4027
90.9994
12.6573
361.018
22.403
277.579
138.749
17.264
0.754418
5.69465
46.8502
0.700119
58.3872
45.9933
328.146
51.8653
44.4733
106.521
15.7776
94.2251
119.069
72.1124
124.652
104.48
5.66972
42.1868
33.5213
42.2569
22.4564
46.9572
6.83065
243.181
627.276
122.52
45.8429
34.7952
11.1319
89.4257
24.426
376.175
180.217
90.6468
45.9342
78.3358
89.9105
16.143
74.3029
34.5731
32.6023
157.015
249.66
8.46289
106.834
50.8048
1.50139
18.0023
66.7048
101.828
64.5198
148.503
132.748
29.0538
9.89669
22.7026
91.5884
10.7007
213.008
79.7119
29.8443
11.6607
707.916
18.6094
128.82
213.098
169.299
220.751
137.554
168.058
14.9179
11.5599
320.707
103.825
812.145
49.0407
27.739
395.381
161.297
167.097
235.393
21.3287
167.339
293.13
7.15929
23.7624
51.7573
110.15
22.7114
212.087
42.2135
341.541
9.707
77.966
40.5014
254.524
104.09
115.642
98.8734
5.63327
281.808
21.5846
76.5621
28.5189
19.7117
142.389
15.3006
354.233
16.2281
394.783
1405.32
46.8537
4.81819
2.09982
11.9334
186.42
89.7038
78.9435
151.848
18.4838
741.172
7.8415
49.7743
79.6235
762.469
268.187
570.362
2.82417
31.2337
435.904
24.5574
488.045
9.68692
33.4569
197.401
176.513
105.608
200.335
39.0296
39.8187
39.3029
448.02
559.012
54.1297
123.52
320.784
45.931
18.7374
18.5318
2.52961
169.338
71.6021
362.769
343.577
43.2386
9.14508
151.114
35.1305
70.333
9.13935
7.14381
21.0227
121.501
286.594
81.5468
6.18531
99.8147
331.346
29.1022
35.0603
25.8002
285.813
302.883
141.05
21.9537
120.063
12.3223
15.7432
3.1584
56.8823
188.684
47.4756
160.444
92.2943
20.837
222.126
11.9815
450.281
204.582
69.3379
84.5565
23.2549
88.0431
118.71
402.916
17.2621
507.72
57.8055
401.995
331.177
2.04816
301.841
3.02056
13.4156
4.54183
10.8729
206.452
104.128
28.9489
45.5238
94.501
159.098
62.9649
62.0278
3760.54
188.118
20.558
371.127
40.4764
35.0369
15.7628
18.5697
513.23
288.766
11.6543
155.089
62.6578
329.678
193.469
35.3837
169.216
236.597
445.576
0.90464
28.3207
193.516
16.2389
62.0528
82.6925
411.177
46.5694
15.2176
10.2137
90.1612
49.9684
61.8414
67.9629
694.114
45.487
33.4116
49.8975
597.778
98.2262
15.1439
47.2165
54.7064
786.538
66.2631
152.795
2468.53
163.471
18.2766
1836.22
4.67752
161.575
190.477
303.576
1002.84
3870.39
43.8502
178.094
159.724
129.397
114.942
101.937
0.239459
594.841
62.3278
341.62
1445.41
51.366
181.297
2912.73
498.243
11.9586
23.3383
353.116
22.9382
49.3662
53.1054
101.928
237.189
794.676
121.952
22.3938
431.875
298.908
162.363
398.883
24.9966
8.26514
6.74071
177.338
854.546
139.187
168.417
267.816
708.288
44.3239
22.963
7.42148
34.5579
89.2316
115.453
159.549
5.45497
10.2856
27.4793
56.1565
7.597
543.794
390.881
9.35673
809.833
211.17
835.749
158.616
2939.27
145.003
297.614
415.314
1166.79
19.9437
10.9761
76.6858
79.5118
74.3939
200.011
67.9348
137.834
148.7
43.2401
8.28114
105.846
146.548
18.3246
60.7026
35.8786
131.702
19.7355
154.345
12.6427
2117.1
249.749
19.4612
60.4229
44.4677
181.952
79.7931
7.35844
139.994
80.5915
30.5775
109.091
760.567
217.026
133.743
27.3855
380.176
96.692
128.32
96.0672
17.3034
4.0966
58.5201
464.626
15.0033
117.438
27.55
345.141
15.0064
307.745
32.7199
167.139
24.6642
33.1557
77.4646
16.1729
178.208
122.555
449.811
631.22
110.011
458.392
22.9714
8.01842
642.807
40.9554
87.7921
442.066
640.141
232.159
160.678
34.3103
24.9683
390.873
83.0946
220.658
94.7087
451.404
181.91
713.279
94.2115
18.0455
33.8424
435.262
20.4896
38.2658
29.5787
0.972822
37.7025
126.227
135.187
0.285472
560.915
82.4041
32.2789
109.733
16.0445
321.391
113.121
1034.99
26.0656
157.025
396.599
100.108
124.825
3020.97
194.648
188.272
34.6792
271.334
62.961
161.193
87.8836
29.8624
14.7932
81.6885
3577.94
60.2108
111.661
184.05
113.578
27.9596
397.538
106.482
311.289
3973.86
706.489
307.399
56.6247
175.731
327.191
212.255
51.6188
184.468
14.5148
692.475
382.405
22.8689
589.477
27.9558
144.973
461.354
19.7295
1213.57
14.2488
216.465
175.177
5.34757
497.049
12.6642
128.498
60.3086
1175.14
185.019
193.004
108.589
45.5145
123.982
54.3352
37.3222
61.1585
35.9361
16.4418
106.062
219.411
611.979
32.41
387.257
189.562
163.853
565.978
403.633
4.9456
521.376
289.802
220.3
435.218
92.7273
177.339
320.897
390.882
193.598
188.68
64.8266
391.135
86.747
1.25239
17.1779
6450.21
42.4903
14.4099
8.371
7.01148
467.527
34.8838
0.672756
76.2
74.7157
476.589
218.858
286.232
7.60598
50.7495
313.295
32.4446
314.17
211.548
79.3674
77.9115
160.071
34.827
353.026
22.765
336.73
47.2029
38.135
3687.97
30.8756
4.25781
119.574
32.9964
96.1824
52.1296
41.8584
226.866
31.9329
38.6328
682.203
242.435
71.3239
364.389
145.676
56.2911
805.33
144.232
117.663
7732.94
10517.6
85.0339
9.74963
2.09532
154.736
100.892
1999.18
50.4028
713.894
27.9227
19.7182
94.1395
245.038
464.928
77.3984
1173.21
32.9599
33.2022
17.8009
12.4577
106.394
1048.66
6932.49
660.57
237.269
9.73768
43.8194
1040.19
310.422
107.92
867.524
47.2026
622.773
30.2328
66.7347
179.483
355.613
28.676
354.701
8.56072
153.23
2.13019
262.11
38.8421
261.242
579.644
678.935
400.788
320.324
24.5441
143.359
36.284
48.7875
172.115
18.0349
15.7284
75.6777
22.9169
7.21625
152.995
25.3609
28.1206
91.9451
305.497
43.4058
41.8192
207.747
307.836
51.2835
129.154
74.1287
3479.02
1629.05
33.8687
159.51
120.02
76.1297
23.4539
387.817
59.9423
1249.76
4815.06
1103.54
572.771
276.38
12.7912
27.1777
81.8066
36.1351
22.7674
157.081
38.4091
648.952
20.4273
39.6887
78.8244
15.1449
393.89
221.084
301.919
430.677
545.485
4892.36
63.5374
137.505
292.908
74.677
103.442
119.27
35.3206
148.385
96.2755
42.3963
18.6199
265.551
93.202
1450.39
371.557
279.426
1535.3
247.124
273.725
32.5496
20.47
431.897
101.425
285.538
235.95
125.655
32.6663
44.9888
178.801
413.898
282.123
513.62
1020.68
15.2527
81.3791
138.122
451.295
336.096
128.178
106.594
43.9202
3.67706
320.434
542.376
435.135
139.796
48.1106
399.666
404.255
165.404
137.993
173.864
660.877
240.288
114.098
80.0586
118.919
290.262
24.6982
399.384
122.265
14.2598
219.157
133.612
226.01
16.6975
19.8642
175.564
28.1758
1416.95
99.8263
28.6547
232.372
205.623
72.361
966.676
142.257
48.0647
506.847
573.308
409.3
172.372
23.1629
2208.17
104.755
1164.93
152.076
52.6562
34.0435
169.128
15.7912
60.3361
761.782
64.8167
117.948
185.268
443.415
1224.36
77.3044
43.3592
57.1092
32.6572
27.7676
340.393
588.757
39.1967
202.103
161.491
2048.5
33.5344
249.537
24.8745
257.048
19.4171
83.0152
269.79
45.1334
479.688
524.658
6991.86
282.688
112.099
313.605
44.4684
127.011
3953.66
60.4873
1992.08
79.1056
68.0248
266.487
171.937
257.027
57.781
95.5855
286.891
33.5459
50.4576
36.4383
564.368
17.5566
434.141
6896.26
4.89462
93.0139
76.6118
90.1422
381.536
163.383
174.665
265.444
80.042
201.225
33.7877
616.702
447.301
178.288
56.7673
141.702
57.2074
1116.38
28.4849
204.153
229.824
214.832
74.7291
40.7442
43.5955
54.5602
174.976
479.099
429.138
33.3014
37.8166
43.4326
189.014
118.539
486.281
213.293
1195.69
444.776
590.946
138.807
74.8396
1650.55
1367.17
597.97
311.682
2462.92
741.076
11.3951
12499.9
3003.39
6380.12
35.1359
19.0281
194.043
7330.65
24387.2
42.1917
210.755
1188.05
265.695
35549.2
10.8677
494.645
874.446
103.061
2582.13
129.556
191.728
1111.62
2610.98
72.5844
159.14
807.918
405.339
7.2645
36153.5
95.8882
32.9821
2403.7
427.397
5499.35
5089.63
140.99
136.701
771.578
371.505
118.711
5916.26
132.975
1646.19
404.299
2871.49
970.628
2708.52
132.406
3748.61
30.889
167.145
449.896
114.24
109.753
227.908
216.868
98.4713
0.127423
13.4167
24.5984
152.397
435.163
17.8944
345.341
451.362
37.9377
6.83711
21.1539
210.561
15.9047
27.6194
13.2372
391.383
45.3331
11.352
169.177
36.344
337.351
113.718
675.903
71.5344
6.20946
162.551
378.152
106.189
23.8228
326.686
146.207
8.78974
15.6977
69.0901
521.563
20.0106
6.64329
194.02
167.947
59.7051
518.004
150.532
17.6864
346.805
63.5374
26.6003
2050.79
74.0268
23.1087
11.9971
63.7804
214.568
217.119
12.7822
263.017
66.5822
16.894
152.099
167.281
85.9113
347.549
59.1464
13.7997
61.8627
81.8884
161.89
164.955
25.7262
795.667
1014.2
207.395
218.856
26.1997
54.4111
41.8684
12.1241
612.329
247.626
36.8915
292.612
562.183
68.2479
211.059
145.114
548.838
107.124
291.451
606.485
34.6598
239.596
53.0054
175.85
153.246
21.0079
63.0409
44.3347
135.585
390.458
49.5511
28.2514
61.3484
51.5757
138.893
74.551
443.161
19.6561
253.499
123.024
801.786
47.7935
11.6963
45.8198
217.382
10.767
102.14
40.7031
13.2318
103.532
99.9999
69.1576
143.312
144.233
75.7952
20.2626
49.437
206.735
145.681
34.1305
131.922
8.746
44.9746
59.8305
132.905
754.531
8.39036
4.77893
17.7624
106.253
786.582
535.969
1103.19
508.253
194.103
913.095
91.8207
245.101
48.0458
488.954
110.965
49.7532
2445.87
26.5511
8.64316
91.2046
1436.32
71.4085
4.7907
22.3386
140.732
22.8986
74.1225
250.859
28.8064
18.6624
39.9089
318.604
270.398
343.035
30.7572
21.3888
815.098
64.0232
1136.1
140.446
572.988
54.5347
125.29
2.33552
49.2851
72.336
793.427
538.171
18.0334
5.17602
8.79894
44.9534
180.587
55.0022
36.5793
45.5471
31.6414
1222.56
768.745
1803.64
463.394
73.989
487.191
205.472
138.518
184.458
942.269
297.688
359.288
42.2516
193.025
376.791
6.59107
858.572
367.398
275.194
31.883
186.246
635.707
342.237
33.6706
113.825
109.286
31.5589
34.3866
62.6952
68.1154
70.427
132.084
525.095
286.707
69.4721
292.367
281.849
178.106
313.429
302.53
443.055
273.58
304.888
79.6223
415.814
10.0706
2526.78
34.1987
136.938
20.6843
26.2752
18.0259
13.3658
301.806
467.7
34.3976
129.88
1284.23
434.685
19.8578
111.7
218.307
29.446
711.766
212.857
157.135
552.134
210.429
12.5069
15.8737
28.5636
31.1606
48.6458
122.74
724.036
146.145
1406.38
12.9652
28.2456
17.1533
14.7759
115.625
67.1297
21.7748
80.5463
357.734
80.0245
32.9548
92.6856
24.2481
248.165
143.515
265.276
126.587
81.6382
308.827
680.618
388.666
32.9685
532.201
132.963
942.016
571.016
896.756
1365.8
4923.38
15.8869
3.04975
22.1974
211.843
33.6221
1188.25
746.843
10.3262
63.4462
90.6525
19.4333
58.9787
34.7633
2789.41
938.376
39.6387
40.2404
39.6497
108.396
19.1682
17.0107
67.7307
16.6651
169.564
97.2607
115.948
49.5272
41.9475
50.4898
117.686
314.338
1479.5
337.115
2027.65
304.411
534.733
50.8437
44.6872
1739.88
0.497003
18.9962
74.5197
36.6019
274.018
61.9323
33.3447
264.654
199.206
99.4801
34.6323
221.963
152.375
184.002
99.6635
192.997
43.5741
114.788
15.0081
76.1828
15.9018
142.659
31.494
68.7852
3.8467
806.059
10.5122
4671.8
134.051
20.1049
172.817
23.6619
308.803
18587.9
2040.87
377.939
1.61494
3.35295
121.066
3362.01
39.0179
2361.3
156.314
2828.11
1514.63
36.6999
67.9072
406.834
327.305
379.368
197.259
10.9253
3880.97
61.13
181.276
13580.4
19284.2
143.01
8111.46
581.974
1029.64
1247.6
12.8514
431.861
1041.5
43.0806
5342.94
111.928
1135.15
3043.77
818.499
10.1798
45.2188
2.5821
494.632
2.58009
585.393
57.9051
175.604
211.019
14.4683
30.1957
74.2466
1077.5
26.368
82.1029
87.3153
2.19964
112.789
9.00438
15.431
319.099
83.1659
195.295
85.5378
189.435
63.5131
435.661
78.2333
110.749
275.538
272.177
538.094
80.0103
8.55344
101.475
306.754
134.589
274.792
251.57
84.6851
121.498
14.6698
256.13
26.6647
386.76
38.4362
134.283
15.511
1078.32
221.481
353.315
25.4556
59.6004
120.046
26.1472
127.353
19.5335
155.157
326.767
49.9024
245.021
1.77784
111.548
1129.6
231.773
106.027
2336.34
18.0285
178.676
435.704
13.7355
20.0014
352.969
27.4906
540.943
69.6807
1617.39
8.52081
153.565
221.866
125.276
2601.98
23.3375
188.121
13.2229
18.8516
95.5332
64.5271
472.249
105.348
2701.72
436.749
48.7033
6.88985
176.255
137.291
9.27796
65.6296
9.50944
5.41331
20.2787
52.4894
617.852
341.597
68.0766
466.965
220.121
585.774
48.1793
138.301
564.332
59.0005
14.0375
228.829
46.4335
2.30873
139.532
612.863
92.9395
1484.88
15.0605
98.8097
551.384
150.223
115.874
156.722
36.5761
163.192
134.551
29.2347
182.893
433.758
254.696
46.6851
2760.5
743.71
3096.05
23.9881
935.917
4200.06
123.133
452.326
45.4583
1630.19
1116.85
477.688
789.992
219.301
754.752
203.178
94.2036
1400.04
3.17127
536.783
265.96
396.093
54.6001
1531.91
643.492
1114.63
861.486
23.9908
465.802
33.1216
104.711
163.33
20.8362
183.928
340.521
34.1628
12.5646
283.18
96.1476
34.816
1123.84
164.845
1008.58
243.961
110.798
221.482
364.163
4664.42
163.938
35.9631
981.006
22.9986
1368.01
213.376
1021.52
32.3647
756.07
367.864
37.4645
414.097
6.67909
113.791
24.7324
414.612
1213.88
7.97113
851.592
40.4087
72.129
264.828
139.545
106.115
188.707
9.82067
116.033
120.152
100.992
20.2885
34.0414
1242.24
13.1301
181.712
2116.32
10.5593
899.605
736.431
3346.17
74.9415
103.767
90.0279
565.086
11.745
410.909
128.91
4.00461
86.709
50.2237
227.892
596.327
106.047
8.13865
3452.18
12.0254
107.215
325.18
12.311
426.712
102.924
422.769
227.442
197.454
25.4804
120.733
56.1835
170.201
196.88
974.315
46.3955
136.946
1512.83
800.497
867.264
51.6201
2.13939
243.564
75.6911
28.8593
113.185
210.864
49.9972
15.2013
139.385
79.5626
75.3954
897.12
897.096
14.2504
170.899
848.42
144.053
1202.05
1236.47
28.6016
22.1349
96.9838
47.9419
11.673
519.613
20.678
60.5917
146.182
12.4624
404.807
10.3745
1089.99
88.9627
53.7784
24.1873
60.1712
205.313
33.4352
13.8117
12.9588
70.3085
151.586
34.9943
89.2054
562.607
13.2673
156.122
64.7649
30.4127
241.196
60.2609
64.02
3053.82
1060.86
13.0822
91.9826
60.145
187.983
61.6793
505.782
78.692
0.758399
72.0773
163.96
2977.9
143.611
6.9284
413.415
23.5602
24.2712
38.3794
181.928
271.824
127.017
72.9676
237.723
92.2421
250.949
595.644
141.124
421.341
72.2298
116.62
92.9534
12.6255
25.9745
75.4326
134.844
110.808
305.537
10.963
63.4581
85.5521
128.872
352.295
1221.05
95.1953
115.396
1329.87
170.146
130.039
170.03
2211.32
43.245
252.585
109.351
135.07
133.901
1197.9
2980.04
5987.4
1076.13
143.711
455.908
55.9032
125.385
69.1492
24.13
162.25
183.518
35.634
24.7097
11.3382
150.186
74.9857
52.8988
126.169
82.7632
288.212
2187.73
213.25
244.974
589.213
11.8469
51.4486
10.097
175.329
47.0421
212.253
10.832
252.468
105.2
70.3246
198.975
193.164
150.538
1225.61
128.484
299.152
16.7821
76.3897
129.083
88.257
123.604
121.623
49.47
22.5806
207.834
399.549
279.793
219.115
6.3011
41.6977
104.775
1947.34
1102.45
384.819
3674.32
780.503
407.04
356.77
166.269
4136.23
37.3118
1151.1
85.9234
84.9647
301.534
149.41
309.173
459.461
101.428
49.9989
435.804
564.104
79.2589
451.84
58.5165
39.2307
182.056
19.1508
51.7764
116.676
48.5376
28.6951
59.6703
5933.15
620.795
2607.07
1752.4
3013.5
226.853
19.9998
261.504
185.092
186.554
455.945
138.68
99.0232
142.656
129.327
81.8571
214.224
18.4089
102.812
150.162
749.084
591.886
9831.24
2663.13
11626.4
367.116
130.09
598.988
366.24
789.68
190.052
116.123
583.835
37.3829
334.873
100.553
629.555
16.1264
307.593
55.7949
196.517
5310.21
943.24
47.3918
569.719
960.878
218.027
380.644
267.679
316.223
44.0517
712.95
120.069
225.837
885.923
74.2051
101.382
383.849
750.544
202.662
475.845
104.469
109.682
102.527
120.188
202.768
766.267
2296.62
3.90161
7.63381
48.8534
453.977
277.09
726.93
222.34
1191.67
48.8068
284.356
41.8303
70.8361
387.584
164.919
294.628
186.014
146.013
104.901
150.535
283.544
535.526
308.117
158.854
512.335
1763.33
16.3291
4423.36
8.89957
26.887
495.141
158.074
245.309
137.859
119.877
248.285
476.435
139.058
255.818
486.887
344.066
179.309
475.332
296.593
356.573
427.285
1380.19
133.649
317.077
219.027
591.131
334.73
564.712
109.213
32.4345
1.54907
32.6181
54.3705
58.2039
57.9276
435.013
134.693
211.763
99.462
113.261
188.271
980.271
42.9208
1607.13
39.2462
47.3263
65.165
50.2134
246.556
26.2266
131.239
1017.91
54.0458
20.9318
216.043
34.6452
32.1755
20.5986
21.1008
5885.97
913.471
26.4666
34.1548
75.9009
36.286
313.678
263.581
2456.25
15.1232
214.182
603.549
1814.83
117.103
404.371
1453.93
58.0418
991.236
434.303
3625.45
2413.45
1361.54
26.1151
1564.24
632.469
32.6833
21.4867
42.0003
275.902
16.9931
41.0918
306.834
147.704
2463.52
2012.44
6.9566
142.893
87.9691
64.6951
116.121
6232.46
3080.52
391.846
110.796
67.5986
344.062
244.109
1396.38
482.318
14.4001
109.034
217.991
346.352
244.469
143.695
222.37
273.184
97.9262
29.8886
111.188
48.655
1950.58
151.676
40.7536
91.0275
382.613
237.32
26.0353
314.088
301.439
15.4022
26.6151
39.2892
30.6066
1033.06
24.195
47.201
40.8403
42.8157
408.49
95.3026
322.794
15.2353
12.2243
374.214
244.684
87.4209
394.953
146.948
163.772
75.4282
191.328
156.821
401.061
67.1789
229.369
49.4373
492.402
4.97241
25.2537
9.7165
262.23
83.8861
76.0543
211.086
139.503
56.6375
883.003
339.141
63.3928
6660.35
2741.69
1226.49
1242.23
221.084
182.012
8281.69
55.9006
463.165
1735.02
2483.96
2346.14
201.159
94.354
14.2914
2286.49
384.178
30709.2
30.9455
363.193
1609.81
9668.88
167.837
3999.39
133.071
399.858
1682.17
98.8071
417.752
240.513
156.936
917.01
34.492
688.171
243.727
22676.2
3562.43
157.009
100.218
1234.2
199.146
3101.31
3576.34
583.72
309.162
2844.55
40.6496
13.0357
15.7019
6.8023
9.48713
31.2134
18.8035
38.9171
12.6812
17.944
95.4614
20.253
16.321
10.8775
10.271
14.7068
4.91715
32.6289
11.6599
23.4545
26.2181
47.0656
32.0913
56.2512
93.8852
46.3447
32.4564
261.854
9.22033
22.6545
9.10554
11.4131
787.227
11.8886
435.36
680.002
82.23
105.039
12.0117
68.2879
288.148
48.7133
258.889
56.4311
79.6535
43.1789
6.95024
66.9355
98.4103
311.888
82.1189
95.1737
11.5438
12.8059
38.6632
216.774
16.505
68.7431
8.14644
108.903
30.568
22.2421
10.2901
14.3505
270.566
127.592
152.228
174.263
41.7187
66.8972
13.7327
47.5565
333.286
23.1077
86.9584
43.8304
345.17
63.499
112.31
55.3546
98.6393
235.766
23.631
48.3247
45.7672
227.027
26.438
46.5175
92.9175
363.673
99.253
25.3021
19.3092
153.808
172.852
276.207
159.083
17.4064
148.574
756.95
71.9471
117.622
241.805
28.2812
300.332
242.4
445.158
223.636
74.7063
439.019
11.4872
104.976
885.392
58.0406
145.349
124.749
258.092
386.48
266.083
97.7513
16.1433
10.1888
26.8752
60.8928
22.8328
425.532
115.537
198.938
241.125
472.455
550.043
32.0884
17.5821
212.619
594.231
68.9478
334.704
27.6625
212.338
253.971
80.7196
36.5269
1004.39
24.0412
52.8879
163.659
1274.65
729.247
679.232
30.7702
125.474
176.663
258.508
215.809
75.659
94.8894
58.9169
1473.67
461.047
625.215
7.54348
699.469
9.27361
251.197
182.163
176.032
1292.76
30.5168
30.7771
196.033
19.8488
14.3404
753.469
58.5936
512.945
384.127
134.278
609.836
16.8788
103.053
21.8883
13.0375
33.5425
238.102
643.532
599.867
32.1804
335.29
386.978
133.39
290.332
143.048
91.7278
117.951
183.404
24.0296
19.1141
714.227
27.0231
102.015
14.0306
9.55829
67.1715
99.0284
1404.22
67.7374
13.9596
243.424
117.368
139.593
1.9972
674.417
27.3822
4911.64
1082.29
94.6679
5.4734
10.1201
38.6981
338.085
639.229
347.272
527.69
86.3733
44.6017
191.501
322.519
481.661
107.838
1446.09
319.078
12.1201
177.037
429.71
495.005
390.343
110.603
163.47
460.019
209.251
7.70252
121.339
214.839
181.89
32.8424
448.84
39.2754
276.991
80.6795
127.729
219.509
53.8592
101.846
25.9058
602.209
27.6975
29.7425
447.864
460.909
9.66361
116.026
427.631
853.144
213.685
391.016
89.9138
24.6567
331.541
1570.51
45.3566
535.484
456.613
287.176
1031.49
390.565
525.518
659.638
226.417
46.4694
55.1552
216.064
973.408
456.856
119.754
1119.88
779.292
3.109
54.0518
50.8548
29.0099
3.26336
419.716
860.796
775.688
201.991
47.4262
200.716
41.7355
21.8503
151.641
22.3868
11.1665
174.448
147.199
137.386
151.953
997.954
20.8643
313.556
50.7491
14.7712
125.133
409.526
39.0451
28.8124
54.0697
318.834
314.389
425.097
1046.41
193.927
26.5577
848.721
32.3238
32.6487
14.1468
421.64
47.5909
190.847
169.46
754.266
55.1539
95.5773
23.6262
939.555
18.124
84.5932
330.084
105.789
5.80668
38.4067
33.6391
344.082
641.301
22.8734
1255.77
9.63715
78.0996
41.0241
421.738
11.8164
215.702
126.619
834.318
190.232
3.24568
189.366
37.2512
210.736
161.761
11.7159
16.9244
116.065
10.0541
865.752
39.8667
18.699
151.026
61.2506
237.59
13.2329
1417.48
77.6635
149.271
335.821
128.419
67.2431
3.33403
0.867368
30.2493
53.3289
35.9916
97.3341
23.6277
6.67154
16.8099
15.7966
78.6236
192.49
17.588
159.685
0.60276
93.8639
656.18
43.9064
48.17
31.0828
18.3186
93.3925
0.901048
29.5794
89.9717
23.8795
12.2859
170.949
45.9937
19.9937
124.86
71.8967
1107.22
213.501
1305.09
319.546
32.1864
66.9636
881.89
24.3907
59.9671
151.502
26.254
21.4219
37.3376
232.925
187.903
353.966
224.539
104.373
46.781
106.713
40.3633
379.405
166.565
3.30187
119.125
127.918
5.76932
88.8724
89.9498
25.2934
143.163
57.256
14.2887
268.758
24.9799
17.9172
12.5719
1269.02
29.3176
49.0572
13.4345
59.6752
17.3852
141.264
285.911
7.50485
22.0938
218.534
28.6903
122.806
244.29
1223.16
61.8864
251.627
199.988
17.4407
15.5822
97.3517
24.052
519.829
81.4702
2186.5
19.4095
200.016
1143.6
407.771
227.729
50.3804
208.685
517.247
119.003
130.93
221.678
21.2352
1048.32
48.1364
34.3361
34.4593
31.8483
24.3629
21.9219
20.0984
4.1358
105.911
41.1588
43.525
171.399
15.8109
24.7856
2685.37
438.464
16.9233
679.238
962.666
382.493
142.833
174.558
2961.07
401.956
63.8129
16.419
18.9949
71.3827
350.089
4.69119
399.926
25.6686
138.937
533.69
88.824
1578.88
106.179
34.8833
11.7967
6.94468
7.96824
59.2427
13.7812
16.9783
72.1444
44.6104
134.233
4.06389
45.0239
666.02
333.218
70.2156
1023.86
4184.65
220.539
237.83
218.526
41.8842
1313.92
136.909
15.4066
162.723
32.7859
637.994
215.687
25.735
243.602
103.385
30.7681
234.574
30.8864
72.759
13.6612
15.6297
66.1084
38.9056
84.7276
240.816
56.7506
920.059
139.499
31.1785
20.7016
24.3727
330.502
120.271
104.675
124.172
120.159
680.582
48.0194
4.9029
12.8085
13.8234
40.8949
164.582
25.2944
40.7621
19.7583
195.882
175.909
265.714
78.0138
2.15405
87.6353
245.672
16.0907
135.229
15.9184
25.2841
5.87718
11.421
12.7859
14.2482
11.1608
39.4589
26.7604
16.8709
13.2593
69.2793
16.2467
178.536
83.693
11.6993
116.25
36.5556
18.7208
11.4848
17.3528
86.3385
27.5752
64.3394
248.467
44.3331
51.6859
6.70641
49.1856
46.0856
25.7557
645.772
829.316
95.68
38.0859
6517.14
11243.3
472.866
8.1946
6607.55
9517.48
726.897
270.995
8.15817
71.4752
10336.5
6.87444
2099.8
586.343
19373.6
64.2635
10595.7
14.857
16.3553
417.637
136.546
477.658
1604.86
11917.1
632.114
32.8184
10534.6
13.1657
24.3502
464.503
187.72
48.7175
2286.17
15.1767
45.4394
259.682
377.939
550.024
388.858
517.68
275.467
1544.25
18.8056
150.815
35.5914
102.198
4.99116
198.152
0.224948
207.345
389.062
148.088
5.27534
20.5709
14.7625
216.274
39.5773
10.2864
6.58436
354.551
158.147
63.8164
47.7651
15.5521
10.8575
49.8661
889.855
91.4564
313.078
296.693
609.016
234.854
1907.21
49.5996
20.0915
213.647
98.5711
775.396
278.18
532.625
138.91
159.516
98.2956
33.91
33.9198
285.347
22.8734
70.4188
399.302
1061.04
1021.63
166.005
1751.38
118.07
13.5256
40.8018
264.367
528.792
194.556
47.6169
41.8742
5.37528
380.73
382.599
139.258
11.9452
173.746
97.119
317.271
94.8261
592.959
52.0153
149.622
22.2522
133.31
12.3092
68.2493
142.391
449.079
65.325
322.345
118.07
158.813
32.341
175.165
80.6868
340.706
872.761
57.6283
265.616
32.8646
117.587
63.3047
1374.45
28.5753
147.159
37.8707
44.5858
35.0508
25.9152
60.7244
30.0266
138.771
10.641
17.8947
231.631
254.597
268.282
56.4683
24.5469
1904.38
899.003
459.609
353.782
74.2873
236.636
28.9212
20.5178
9.99288
775.685
1775.03
76.842
92.6392
27.5383
1152.98
36.8074
86.3546
76.0307
43.1111
6.90492
352.825
11.3058
811.54
9.6108
16.5457
34.8033
11.6218
491.879
293.755
347.958
10.0242
695.946
281.995
183.236
105.406
228.636
119.798
272.285
137.046
34.6487
491.909
405.455
12.7369
157.169
598.269
218.17
42.4663
304.515
174.931
100.659
33.122
270.721
167.647
342.861
491.697
963.683
41.0715
29.2866
411.298
211.907
105.019
68.4508
461.007
48.3336
241.307
532.804
6.16385
181.984
5.05176
53.1239
356.361
207.46
1.72265
13.0238
43.1034
1209.32
5570.23
633.505
24.6918
186.129
1547.86
349.299
378.065
296.51
606.502
274.381
82.4523
24.8821
15.0322
127.416
59.4046
98.1574
1202.38
7.69794
16.6121
181.747
453.243
93.2109
15.7595
200.545
14.1497
25.9806
96.3235
37.3511
274.435
1346.81
66.7409
1774.39
16.172
101.829
37.3068
200.658
3145.07
496.92
16.832
216.001
231.816
155.325
741.522
2.7303
16.6549
7.83957
42.1858
39.8024
62.0345
237.018
168.544
341.524
341.616
338.702
14.5186
3.52348
20.1959
52.2846
82.2815
156.453
32.168
59.6846
88.2531
115.095
15.9401
32.5896
171.798
396.048
68.4513
1230.71
460.373
207.716
168.381
19.1543
473.306
325.364
177.724
212.194
34.6943
10.5621
53.8477
413.94
24.5394
151.698
380.62
47.43
106.387
30.4591
23.3725
55.3237
169.761
210.11
37.8456
34.7004
95.9504
32.6695
11.3302
5.85926
22.9521
381.505
690.716
120.558
143.917
75.7399
95.5747
447.929
158.651
164.526
465.896
2280.56
63.6492
357.133
47.2956
344.454
1688.26
33.2575
2.13367
152.097
109.303
115.361
1272.85
217.53
1235.92
123.304
59.2905
91.0883
444.252
58.7517
39.5848
23.0288
34.2722
125.646
16.0012
258.585
57.4607
26.2526
255.537
305.836
203.958
258.552
163.801
141.722
111.004
2456.29
40.9854
275.534
602.148
553.704
585.094
71.9673
30.5378
19.6877
209.487
160.051
137.3
77.0561
80.7526
55.5767
316.661
64.3258
71.3304
76.3626
63.9891
19.3963
211.773
125.372
424.025
83.5836
334.951
50.66
111.447
137.023
280.831
43.1574
145.051
742.559
157.274
4843.65
105.292
459.183
422.165
1162.28
2366.71
939.844
418.19
514.677
87.0748
308.374
27.3957
171.102
366.698
52.2428
369.487
4.26743
79.62
95.8555
38.4345
81.5861
25.8579
83.3421
16.6684
64.2284
685.931
297.826
114.023
180.801
39.3644
858.046
19.6547
15.2717
373.21
259.485
636.769
475.009
318.518
5058.63
1055.85
90.2903
320.939
262.627
310.674
699.051
217.44
91.9917
212.855
100.45
273.174
259.181
8.34708
605.041
43.7936
96.2932
336.943
1399.26
17.6223
22.7083
226.217
488.731
244.759
110.486
132.076
61.1574
130.343
102.89
165.055
513.431
236.618
706.777
483.182
57.8381
134.282
69.2247
14.4651
30.9566
238.157
177.571
115.731
614.517
448.871
123.809
724.936
103.825
112.653
112.439
219.347
97.9962
250.325
59.6859
31.076
30.2351
144.743
11.5397
150.518
12.1638
310.366
6.93227
313.417
23.2966
285.617
75.7772
324.873
85.4981
12.4307
41.222
294.936
400.545
6.19011
57.9551
24.6267
22.0782
117.154
277.806
335.955
92.3888
18.9548
57.2863
244.734
84.8943
35.7506
84.4957
16.1173
10.4043
11.1985
46.4543
6.92437
175.17
76.6148
235.11
219.787
245.881
225.426
18.9738
149.454
55.2404
21.7178
53.9309
114.804
319.162
547.316
119.216
52.6589
69.3217
45.587
709.06
82.0713
307.523
78.0895
8.45132
85.8943
20.6395
32.9224
20.6981
62.6538
5.13951
81.5221
369.13
295.787
58.7691
111.648
84.057
39.1868
86.2868
50.6344
84.1066
50.5337
155.795
427.909
505.328
300.022
62.7691
401.961
43.7955
190.938
1956.8
60.2822
73.2948
169.762
258.311
317.415
28.2191
5.02246
18.124
363.43
192.139
219.605
121.886
390.597
118.233
4870.75
1989.22
7.43668
459.107
95.6438
3750.95
206.819
262.946
232.606
11.5559
56.6811
54.8367
7.72387
46.7204
153.659
212.095
306.608
53.3735
1600.4
62.9616
75.8369
117.122
33.0619
37.6372
20.0931
90.0789
43.7128
2676.56
15.5583
151.247
231.403
43.6582
53.3028
307.662
607.364
55.5055
218.66
180.014
3124.47
48.2757
5.2199
276.096
114.791
79.2312
168.731
207.894
127.474
198.941
64.9786
736.563
635.004
44.1534
1492.78
6.30025
70.4633
146.635
447.282
44.4033
267.274
63.9011
16.0977
158.436
176.107
57.0419
386.239
48.8873
150.505
407.56
42.1667
23.5673
7773.43
1638.38
37.807
128.338
221.862
7.55826
262.822
208.552
8.93969
37.2661
20.7429
201.366
77.6472
1165.56
599.08
1254.91
87.6627
315.171
2424.46
216.332
408.87
15.9412
215.145
91.3441
44.5574
506.063
174.353
740.954
23.1045
9.7247
18.1031
28.1289
24.0536
58.7444
46.3768
1784.58
39.8104
3659.85
82.3041
123.013
264.266
38.6492
250.27
149.192
488.102
30.8006
326.863
2415.56
130.028
812.143
599.784
202.304
1.63944
993.736
393.749
60.1689
293.162
47.2631
243.363
5.0253
616.901
216.307
113.188
289.778
15.1741
71.8221
1268.65
73.4005
111.178
451.208
46.6413
193.541
751.443
795.686
614.567
84.7364
380.211
118.972
638.758
1368.7
9162.29
83.1288
661.649
478.55
31.6519
6004.71
259.088
143.933
3484.76
24512.3
138.17
19612.3
416.035
1407.45
361.753
6862.33
45.7841
2062.56
453.806
316.694
1603.74
7877.8
1456.47
111.637
1708.77
350.761
1758.57
1204.1
77.5385
14051.2
349.553
18289.4
708.105
130.566
149.729
10412.6
15.7007
1452.58
3779.86
5879.99
50.8231
67.0047
672.957
436.927
6830.71
710.347
458.027
1161.17
308.092
82.6308
5812.55
380.475
18268.7
129.656
2234.5
9380.52
99.873
78.0341
579.431
207.863
134.411
862.385
73.5567
372.392
11451.1
11144.5
407.511
711.643
334.076
469.406
437.498
21.2062
9.76993
2271.15
18524.5
161.481
7787.43
3.67317
93.4153
273.288
357.035
77.0736
1500.31
38.8765
2150.9
1743.74
888.368
6087.65
112.671
117.906
3815.14
87.8318
751.587
32.9699
142.815
261.856
43.5525
3160.28
44.378
44.6405
74.2179
17.2766
733.473
34.7711
15.4985
33.8905
57.4586
97.8833
60.5647
27.2523
353.253
320.331
109.585
88.6299
657.703
84.347
624.475
29.32
18.5488
265.049
59.6747
8.93355
11.829
52.281
67.6586
54.4486
10.623
48.742
44.0958
237.522
192.221
22.1475
157.564
43.1551
126.768
18.1556
23.8294
294.294
27.1812
129.813
16.7418
57.1856
24.6222
121.148
630.077
364.542
484.575
44.9382
75.9638
65.3608
295.806
94.7039
29.117
59.6779
78.118
448.551
142.837
141.879
105.156
178.376
140.667
44.6534
193.29
67.0442
20.0309
80.07
77.7836
123.254
396.622
45.1598
309.329
44.3704
385.984
237.056
285.403
75.9099
404.079
905.334
24.1626
16.7167
305.773
56.7513
271.615
264.623
278.758
341.543
372.35
50.5789
27.5392
64.1475
188.212
635.283
8.90781
181.233
74.7762
211.668
121.297
17.304
85.2423
8.8831
115.775
235.356
333.573
662.992
449.779
48.3612
29.053
383.227
468.651
1560.5
125.816
137.677
104.312
335.862
214.11
188.939
127.927
14.0028
146.6
102.104
388.132
77.9384
115.294
110.057
68.3568
43.2774
153.505
159.222
133.144
47.5678
79.1688
191.248
589.118
1076.48
351.376
16.8446
16.453
3242.14
1040.56
106.899
158.154
40.3473
132.848
1349.42
1221.29
262.806
121.309
39.6595
136.97
179.418
35.9154
295.419
91.509
609.338
116.294
32.4951
102.547
126.005
12.1229
170.112
148.476
2447.92
54.0224
268.68
128.694
193.667
37.7789
99.6399
688.74
1120.64
176.183
86.9952
27.0443
11.3644
117.595
259.098
67.5117
120.454
113.999
457.007
1654.07
35.8589
21.9478
113.482
552.112
49.1525
42.7923
325.803
1177.97
99.8832
45.2603
142.467
29.2646
443.021
19.0784
10.8252
18.694
43.4122
517.134
170.513
21.6695
61.2945
831.017
114.95
381.09
325.074
211.553
186.686
39.8533
437.862
197.429
100.326
1123.17
129.687
68.4061
22.369
16.7496
416.358
118.466
125.922
27.073
593.476
96.1613
634.967
122.288
175.303
27.1783
238.528
10.4062
528.392
10.3089
83.0397
213.368
110.253
77.1726
8.1225
23.0966
87.5269
316.954
531.407
102.917
10.6997
230.457
291.105
165.026
41.739
740.118
181.389
28.0027
61.4952
392.512
611.427
609.141
159.467
99.0839
14.1914
80.7495
863.915
171.268
220.347
315.004
762.226
253.92
53.928
24.1968
273.83
41.7115
48.2522
362.339
261.959
72.9486
102.999
185.275
273.933
3436.11
191.673
18.1565
149.234
203.262
201.459
193.171
71.6973
83.3031
46.3904
894.928
13.591
17.2853
155.672
210.36
118.474
142.619
30.5918
5.65074
556.421
347.514
1117.7
328.284
86.1662
193.933
116.794
14.8765
100.403
360.62
679.006
47.3179
573.115
217.052
103.729
63.1247
99.665
238.895
1224.98
139.879
1029.99
27.6128
134.279
62.4672
355.173
61.4057
66.2532
342.403
490.715
164.271
5.32515
200.891
70.6414
224.582
155.003
152.915
22.0329
37.5496
545.195
60.5678
28.6076
275.708
597.513
14.3753
321.443
57.7667
1059.89
38.6719
182.243
31.7574
182.613
42.6894
22.2913
1710.13
284.823
64.3458
1374.88
962.47
161.071
870.272
60.9259
39.9848
357.857
116.299
109.335
219.098
140.349
161.915
23.2685
15.6142
226.647
157.508
375.126
201.072
641.973
83.8275
289.422
686.822
28.0944
144.542
605.176
113.362
405.295
76.3664
175.312
173.74
70.2396
816.708
1131.17
274.937
442.054
445.871
73.4862
21.6371
25.2628
1963.33
122.916
49.8596
23.3245
57.8947
106.883
69.085
5532.65
1578.95
10.7109
72.9651
79.543
34.5303
244.219
355.456
726.484
36.8804
376.004
120.087
100.597
68.6315
273.637
1007.54
26.9339
107.099
159.7
561.515
252.361
214.961
139.733
2888.84
34.3412
686.73
631.358
446.104
77.1419
32.6484
20.2464
650.811
37.3217
1777.97
511.937
20.9951
952.444
85.2054
707.691
90.2701
51.9202
1400.65
173.361
483.297
53.874
87.1076
237.504
93.5317
603.747
209.582
303.366
24.9926
44.8083
24.2146
47.2807
48.4832
90.0682
799.993
784.161
34.1722
39.0416
155.824
106.608
705.346
183.341
1355.83
205.867
96.4999
361.747
112.28
89.4133
528.747
47.137
302.554
37.8241
13.7752
159.086
205.707
36.8503
28.5017
3229.6
274.515
28.7427
229.182
66.2016
52.5925
300.751
39.5724
383.202
155.676
36.4515
13.208
380.401
54.5178
181.714
83.9351
793.438
19.5439
12.5372
45.4133
3748.33
138.44
1544.74
269.217
225.763
74.8212
37.5431
3140.11
118.072
31.8892
310.835
483.129
310.643
612.433
521.02
21.1721
818.925
70.6984
213.496
87.1234
584.802
789.38
765.383
655.847
14.2541
539.294
709.197
163.769
60.3698
17.6279
90.7246
90.5293
2.59149
14.517
283.465
546.672
139.06
325.87
320.847
511.186
1915.42
505.906
81.9706
950.974
139.501
18.9756
44.3062
503.683
692.084
44.4514
76.9487
60.6562
26.5185
24.9154
291.335
43.1815
1332.08
354.754
56.1356
14.5763
80.5298
110.46
13.7739
664.602
25.942
413.883
23.842
216.546
20.7119
146.682
414.922
313.986
45.4999
26.3335
41.2278
425.309
166.542
174.041
82.0818
121.812
32.5419
59.7446
207.444
927.686
177.007
726.28
7.22424
180.927
193.004
1855.12
251.878
115.554
845.404
8.4865
67.8748
1004.73
109.295
506.662
470.009
134.801
2246.65
76.1656
38.1624
188.531
37.2492
16.9578
63.7475
917.706
22.1829
697.627
79.4064
204.969
459.43
402.402
128.789
276.324
238.612
231.171
471.08
721.119
787.132
86.4816
147.448
23.7108
438.872
130.862
163.904
32.6365
256.527
12.2987
148.22
93.5509
97.3601
316.382
898.218
26.3144
40.88
293.975
299.107
11.9528
340.126
56.0185
284.116
1509.61
22.0566
123.961
97.6907
10.1254
10.3887
29.6954
2043.06
238.136
349.111
99.3085
47.8517
142.381
21.3885
121.827
92.8814
116.566
852.867
197.819
71.0351
228.549
59.4591
170.842
294.079
70.3438
133.683
29.5338
71.1205
136.676
105.545
1275.76
1957.18
706.301
34.7671
458.708
12.9178
24.8152
183.131
418.482
496.568
106.458
1932.64
109.997
404.508
54.0934
36.0519
390.964
92.5085
29.2054
28.1755
94.0681
119.516
145.512
103.431
616.319
21.8329
66.606
47.1013
744.08
247.473
496.012
358.748
170.592
137.991
270.98
70.1093
39.8327
147.974
54.3559
94.4903
193.047
1198.99
1101.54
87.0869
659.047
178.252
239.179
141.384
223.015
54.6812
227.308
77.9576
263.846
1551.88
202.255
350.463
232.53
352.067
1349.31
125.486
7.18128
112.038
1229.32
7.74174
15.9089
131.41
125.717
2872.27
300.617
38.7054
282.976
646.76
36.3165
801.318
111.449
96.4309
27.6173
114.944
55.8814
739.269
200.983
911.879
16.4684
96.2652
898.068
90.0589
376.312
112.24
792.37
486.794
240.149
252.826
323.166
330.189
959.1
166.574
1103.39
214.916
12.2601
89.3718
37.7116
15.4804
33.709
155.246
1116.16
46.2463
178.666
54.1735
75.6047
77.4275
78.2972
675.143
121.392
297.431
276.559
171.227
48.9367
1721.08
2152.97
421.968
210.083
16.9385
91.4322
2378.88
277.508
82.929
25.8584
640.631
728.098
38.2202
651.409
276.073
114.541
799.323
34.7938
279.245
66.4602
382.218
495.932
96.2091
102.817
124.855
66.442
624.908
305.102
204.498
9.93949
960.082
175.8
614.662
538.624
789.626
194.561
434.347
100.932
631.342
246.13
10.1506
145.246
3544.45
1455.64
5009.55
577.654
286.637
53.3747
1062.32
423.622
425.421
1112.24
255.208
27.5927
1545.02
970.053
2824.92
339.205
185.924
875.967
257.347
117.314
12.7449
332.626
577.297
2031.46
146.822
27.1386
263.96
1150.94
33.7857
1231.49
2600.18
175.853
876.094
658.461
152.758
282.741
85.3364
78.3217
336.214
76.7819
28.4234
193.789
892.678
187.242
138.368
253.509
170.343
404.365
62.0003
54.7398
161.72
257.929
493.001
273.994
272.59
230.035
629.129
236.828
94.1277
115.536
5.11343
7.71384
247.503
1130.6
602.37
54.0679
14.2929
330.738
155.217
114.164
150.172
201.475
280.164
657.511
329.235
231.353
6.61253
132.666
54.0545
78.0179
31.1046
238.986
504.521
618.939
136.86
374.001
10.4727
357.678
235.456
521.93
71.2099
353.152
12.8122
6.15259
793.533
1198.08
28.4514
29.1731
24.7718
81.7911
24.6809
228.566
55.2899
18.9319
81.146
302.924
755.599
42.1568
7.80792
7.53048
54.6018
37.0678
112.591
12.1119
283.072
35.2117
179.633
1489.18
523.443
182.606
450.901
14.6156
283.5
131.876
385.931
1424.13
54.7098
32.1061
242.82
97.881
216.124
79.0821
420.992
29.3625
70.3869
24.4375
151.518
54.702
1.07423
38.3318
272.863
1548.82
313.81
291.682
155.618
85.6509
2.79276
540.853
5.71618
176.345
2447.17
411.963
265.909
31.0451
25.4719
19.2766
56.0552
727.052
21.5632
104.818
20.5089
7.51462
48.2773
67.7613
30.6094
214.494
511.752
23.7496
348.653
440.063
1260.11
14.6844
3845.79
1169.84
4575.32
4.86971
105.151
247.571
1293.23
48.8063
24.4587
104.839
60.7677
377.663
7.99409
65.109
192.166
54.6027
334.938
124.88
8.54255
69.7939
30.1238
40.8695
30.8867
82.1789
49.995
148.574
490.446
268.793
370.69
30.2321
5946.89
177.95
24.2854
4.03891
268.426
186.841
31.6372
70.3959
3.08554
233.537
39.8632
305.962
141.81
2325.53
283.576
457.129
4522.69
2181.97
105.421
60.0647
59.2331
163.348
10.3942
502.351
1126.47
634.67
378.745
111.603
57.3951
101.506
17.6535
75.5193
107.936
146.796
65.7193
446.342
13.2452
263.424
6.49059
21.4361
305.887
52.9237
262.89
361.353
2.84181
934.432
371.348
494.457
140.914
50.8821
216.175
13.6094
20.4215
346.069
36.3834
186.057
5098.43
797.249
1887.65
346.172
445.666
138.22
171.949
1226.24
13.8364
6.02623
6.44798
18.7153
119.617
154.659
79.0874
89.6155
3308.64
206.226
485.028
113.479
54.7826
393.738
231.889
161.216
432.34
123.022
34.2062
12.572
313.944
387.195
1.60322
244.513
131.951
74.563
1289.57
785.772
324.267
77.3656
22.3363
443.947
122.392
84.0769
145.401
127.587
60.1658
