405.339
406.834
5922.83
6514.23
15654.4
5.01268
17.822
0.296241
1.68556
27.5395
108.947
125.167
41.458
6.00834
22.1085
208.978
257.8
13.7504
402.654
314.684
1234.18
93.1166
118.103
52.9314
86.9708
4309.6
951.956
45.6023
40.4999
9.57083
15.2869
269.825
58.3664
69.1805
445.58
141.178
40.3316
80.804
5.51361
129.697
22.6269
21.1163
24.0875
12.0563
250.071
405.348
464.188
436.471
593.063
1380.23
368.71
112.185
256.421
271.784
6306.27
473.521
1708.71
3382.09
129.725
252.194
350.262
62.1009
519.021
1035.67
272.252
678.729
941.622
346.951
969.567
374.465
21.3704
42.4522
20.6431
110.877
151.45
11.1492
143.841
16.8767
16.7236
227.328
155.425
53.3558
16.8187
163.35
334.163
108.617
206.599
196.021
786.897
310.069
765.212
427.618
94.5368
1368.85
632.958
39.1401
3028.33
735.325
1019.19
348.647
452.734
659.638
1368.36
89.9807
40.0344
36.0549
32.4261
2.96347
9.99057
48.2823
17.2632
28.8282
16.273
7.94287
35.3659
267.301
44.4186
217.602
102.281
42.7491
128.554
22.0582
40.4909
558.953
97.4856
19.2675
68.9826
8.77915
110.49
650.223
545.866
721.941
9.99155
17.0932
178.363
44.3423
456.492
178.734
216.659
162.463
43.0335
31.0985
204.733
31.4542
19.9368
124.673
106.444
65.0795
43.8398
158.571
109.821
235.218
37.3628
9.38698
144.401
2460.04
912.669
354.675
286.969
479.122
250.445
1957.23
2420.52
289.986
150.088
383.406
82.3728
354.694
596.487
52.9467
364.431
43.5843
1691.47
66.4165
1504.52
822.015
4058.64
229.915
53.7932
312.14
19.2183
389.89
60.2333
244.11
91.0718
1145.09
144.591
723.123
1291.06
4.28099
2313.67
492.2
489.825
0.582945
112.306
12.0975
480.756
21.5226
10.7021
57.4483
98.9663
19.9155
102.497
93.3198
71.8984
567.79
488.306
1950.24
4283.72
11.554
53.0558
12.5841
1.51987
52.8715
79.4621
122.876
53.0867
366.489
200.758
261.772
325.798
346.968
372.864
16.802
31.5368
40.8852
224.936
134.693
102.128
155.365
484.379
772.207
630.36
492.379
4704.49
4821.24
88.0676
73.3082
2296.56
22422.1
44.357
712.95
202.662
75.9009
34.1548
58.2039
26.1151
434.303
391.846
110.796
632.469
344.062
244.109
47.201
408.49
3625.45
1564.24
3.90161
48.8068
16.3291
1763.33
139.058
50.2134
275.902
306.834
134.693
47.3263
246.556
4423.36
1191.67
334.873
37.3829
7.63381
179.309
214.182
42.0003
99.462
475.332
356.573
26.2266
15.1232
244.469
41.0918
113.261
1380.19
133.649
317.077
495.141
158.074
248.285
65.165
313.678
21.4867
1396.38
435.013
57.9276
26.4666
32.6833
482.318
255.818
36.286
16.9931
14.4001
346.352
211.763
296.593
427.285
137.859
476.435
486.887
344.066
219.027
21.1008
67.5986
374.214
1950.58
30.6066
1033.06
334.73
591.131
41.8303
147.704
603.549
245.309
119.877
284.356
39.2462
1.54907
32.4345
54.3705
32.6181
26.887
8.89957
54.0458
20.9318
42.9208
32.1755
20.5986
26.0353
237.32
314.088
15.2353
75.4282
25.2537
211.086
883.003
339.141
91.0275
382.613
4.97241
76.0543
56.6375
139.503
146.948
24.195
12.2243
67.1789
9.7165
262.23
151.676
217.991
109.034
95.3026
87.4209
49.4373
492.402
40.7536
42.8157
394.953
6.9566
40.8403
244.684
143.695
142.893
111.188
15.4022
156.821
191.328
163.772
87.9691
116.121
64.6951
48.655
39.2892
229.369
83.8861
222.37
273.184
216.043
34.6452
97.9262
29.8886
322.794
401.061
26.6151
301.439
58.0418
6232.46
3080.52
2413.45
1361.54
5885.97
913.471
1453.93
991.236
404.371
117.103
1607.13
131.239
263.581
2456.25
980.271
188.271
1017.91
2012.44
2463.52
1814.83
25422.2
23829.8
4033.62
64.3031
82.0191
193.845
2871.49
456.925
121.304
101.913
57.0922
123.382
17.7965
130.32
309.699
170.447
159.269
142.192
401.923
115.345
204.809
867.164
366.246
1181.92
247.934
59.7369
117.78
896.79
263.661
321.714
246.58
293.581
57.4264
15.0547
10.1081
36.2751
19.19
55.9729
206.916
110.481
164.153
110.333
31.5951
32.0664
9.32786
81.3892
20.3273
250.839
284.626
1920.46
376.774
9.13459
14.2013
268.834
314.448
44.8888
104.425
1200.8
412.14
290.707
317.729
970.927
36.9954
538.887
304.719
1.16813
34.6512
10.0097
88.4593
71.3668
187.761
109.013
316.741
162.652
643.624
104.029
424.826
99.4181
493.522
118.141
426.785
634.75
114.293
387.877
519.214
3150.82
3611.73
1830.7
2.58747
126.628
52.3585
25.5268
89.6671
49.6894
306.886
221.586
23.4193
278.317
427.473
803.288
3096.67
441.593
63.8732
348.912
89.3608
15.6554
98.9749
335.189
1236.68
360.387
48.5996
88.1415
14.7075
9.25314
150.997
62.112
244.287
5.74728
23.6277
8.58556
184.042
122.068
163.828
98.3164
112.168
343.049
147.079
23.582
234.752
457.38
135.351
75.858
153.648
108.217
510.633
15.2614
76.0961
246.501
39.8981
219.567
313.825
325.211
296.156
14.1943
253.787
277.83
311.983
409.546
117.857
410.317
14.5122
108.195
127.456
88.092
177.139
108.687
392.211
293.714
115.902
612.368
1416.33
256.281
35.0522
19.1057
884.321
801.72
1243.49
264.184
827.363
267.668
2388.77
5027.66
637.836
1180.81
335.325
378.795
228.584
1545.7
6899.83
441.432
3384.87
1642.56
1255.5
99.0026
1433.61
1045.17
121.138
40.4939
65.4899
38.7293
57.9849
191.187
53.6897
5.9557
318.577
143.754
75.0493
65.3334
1373.49
689.545
996.868
511.983
138.409
830.214
72.1995
22.7618
35.4501
74.9853
362.964
312.292
815.021
197.809
289.478
121.323
12.1703
274.284
22.3962
69.8987
80.5578
173.36
59.9958
35.495
6.13965
1083.01
306.321
11.0209
11.8854
22.3762
3.9116
35.3477
20.3428
17.0591
71.2992
6.63481
44.2312
56.5944
143.714
155.946
84.6091
152.073
7.43151
72.8932
22.3767
40.2622
17.833
37.702
134.437
30.2147
86.5416
4.22108
38.5763
133.381
69.0576
68.4798
40.4
68.1254
104.878
253.764
45.5132
159.372
36.3518
5.41009
11.5713
51.876
32.7179
52.3804
165.576
157.339
53.9991
33.6788
199.077
133.332
47.6016
51.3764
30.6944
193.218
56.2354
10.4422
28.4332
88.3503
15.0351
5.0974
69.3361
0.238014
26.1359
29.6952
502.244
359.258
1969.32
162.103
1860.79
349.563
991.111
912.626
298.528
269.415
190.342
317.058
300.24
656.328
36.6233
112.035
1258.26
220.009
357.352
523.353
483.893
231.361
131.56
102.831
31.6442
842.699
346.605
672.381
743.964
850.356
9.75343
308.739
134.346
113.532
221.776
107.777
23.7293
23.2696
9.23573
1817.68
953.174
251.248
799.319
932.403
168.248
634.135
96.4331
224.21
83.8789
7.43512
293.015
329.311
91.8447
367.413
228.674
230.124
71.785
281.299
108.502
81.1045
8.68549
0.392389
59.3544
49.6666
33.358
179.689
125.21
16.5392
27.4237
53.464
52.263
16.6253
14.1224
7.28906
45.3375
105.889
74.9944
52.7896
78.9739
7.98552
39.6715
32.2179
25.582
11.882
4.19354
10.3773
50.2753
88.3899
43.4204
54.7465
6.93464
33.5111
217.775
115.861
57.3414
24.822
98.1418
21.7441
136.39
26.0219
31.7234
33.9523
182.17
52.0547
24.4158
302.296
84.3291
686.641
25.0943
263.412
382.179
29.8396
215.055
471.143
271.359
76.8604
56.0778
1709.09
502.638
85.5344
141.703
1206.49
683.633
911.807
18.4943
369.361
1572.44
611.262
300.362
433.296
213.044
465.511
87.5793
778.482
1479.1
729.783
26.4814
290.538
1118.5
62.3999
42.0669
246.887
1343.78
689.392
115.511
233.774
571.33
555.239
144.837
1171.62
209.605
947.926
1845.38
196.735
764.064
875.842
0.41098
237.178
20.7656
148.13
293.819
217.767
441.338
248.933
811.666
1115.69
516.032
483.038
1157.06
753.937
79.1315
402.745
47.3801
256.558
74.9437
27.0246
40.1364
30.0136
141.962
51.7953
20.7674
148.785
42.0193
86.5741
131.79
117.47
27.8539
401.62
243.921
1075.72
1086.46
710.688
577.127
29.4925
2021.28
29532.6
417.637
24387.2
462.431
1929.58
237.537
2464.99
166.697
6862.33
2291.5
8.15817
7787.43
1218.52
632.935
2253.21
1312.55
2361.3
45.2188
458.027
3.67706
118.919
64.8167
117.948
28.6547
24.6982
409.3
573.308
104.755
24.8745
2048.5
506.847
219.157
122.265
202.103
60.3361
14.2598
205.623
185.268
443.415
1416.95
72.361
282.688
112.099
249.537
36.4383
564.368
57.781
313.605
257.048
1224.36
175.564
39.1967
524.658
161.491
761.782
232.372
19.8642
27.7676
44.4684
127.011
45.1334
33.5344
266.487
171.937
83.0152
19.4171
77.3044
43.3592
52.6562
16.6975
48.0647
57.1092
32.6572
15.7912
257.027
163.383
174.665
178.288
33.3014
486.281
1195.69
229.824
43.4326
1367.17
597.97
311.682
54.5602
189.014
118.539
57.2074
40.7442
138.807
74.8396
1650.55
43.5955
174.976
479.099
429.138
56.7673
37.8166
444.776
590.946
265.444
80.042
141.702
214.832
74.7291
33.5459
4.89462
33.7877
79.1056
68.0248
50.4576
93.0139
616.702
76.6118
1116.38
204.153
447.301
381.536
90.1422
340.393
479.688
286.891
434.141
6896.26
3953.66
60.4873
1992.08
6991.86
588.757
80.0586
399.384
226.01
290.262
114.098
152.076
34.0435
169.128
95.5855
17.5566
201.225
28.4849
213.293
269.79
172.372
23.1629
142.257
99.8263
28.1758
1164.93
2208.17
966.676
133.612
2227.7
14.5148
27.9596
589.477
497.049
185.019
32.4446
364.389
188.68
390.882
177.339
193.598
320.897
108.589
160.071
34.827
64.8266
314.17
211.548
77.9115
79.3674
123.982
45.5145
19.7295
54.3352
37.3222
106.394
354.701
51.2835
3479.02
120.02
33.8687
76.1297
1020.68
513.62
1450.39
545.485
1629.05
159.51
85.0339
23.4539
63.5374
371.557
279.426
262.11
660.57
38.8421
59.9423
9.73768
30.8756
579.644
261.242
137.505
1535.3
247.124
387.817
2.09532
7732.94
10517.6
3687.97
6450.21
611.979
461.354
5.34757
7.60598
50.7495
289.802
1175.14
163.853
0.672756
27.9227
713.894
226.866
403.633
565.978
76.2
74.7157
128.498
220.3
92.7273
435.218
193.004
9.74963
237.269
43.8194
119.574
7.01148
42.4903
14.4099
96.1824
41.8584
32.41
1213.57
27.9558
61.1585
106.062
391.135
464.928
1173.21
336.73
145.676
245.038
30.2328
7.21625
38.4091
648.952
353.026
8.371
467.527
189.562
17.1779
22.765
56.2911
805.33
387.257
219.411
86.747
1.25239
60.3086
4.9456
218.858
476.589
175.177
32.9964
154.736
100.892
52.1296
521.376
31.9329
682.203
19.7182
320.324
24.5441
867.524
172.115
18.0349
622.773
144.232
77.3984
47.2029
38.135
91.9451
41.8192
413.898
282.123
138.122
320.434
542.376
15.1449
305.497
179.483
355.613
6932.49
1048.66
32.9599
17.8009
117.663
28.1206
12.4577
152.995
25.3609
33.2022
28.676
221.084
430.677
4892.36
307.836
207.747
43.4058
393.89
301.919
153.23
2.13019
8.56072
129.154
74.1287
4.25781
16.4418
35.9361
34.8838
12.6642
75.6777
15.7284
36.1351
285.538
235.95
44.9888
178.801
32.5496
20.47
81.3791
48.1106
137.993
173.864
139.796
404.255
165.404
106.594
128.178
43.9202
435.135
660.877
240.288
399.666
27.1777
66.7347
39.6887
22.7674
18.6199
125.655
32.6663
103.442
431.897
101.425
42.3963
96.2755
35.3206
148.385
81.8066
157.081
20.4273
265.551
93.202
78.8244
107.92
36.284
276.38
292.908
273.725
15.2527
451.295
336.096
119.27
74.677
12.7912
22.9169
71.3239
47.2026
143.359
48.7875
94.1395
286.232
50.4028
310.422
400.788
1103.54
572.771
1999.18
1040.19
678.935
1249.76
4815.06
38.6328
242.435
313.295
12.1638
23.2966
285.617
310.366
6.93227
294.936
41.222
75.7772
313.417
324.873
6.19011
277.806
335.955
12.4307
244.734
57.2863
84.4957
18.9548
400.545
84.8943
35.7506
92.3888
24.6267
114.804
175.17
149.454
55.2404
90.0789
20.0931
43.7955
45.587
69.3217
245.881
225.426
235.11
117.154
11.1985
57.9551
85.4981
22.0782
219.787
76.6148
369.13
295.787
82.0713
155.795
427.909
206.819
33.0619
208.552
8.93969
16.0977
37.6372
168.731
599.08
1254.91
18.1031
30.8006
2415.56
1165.56
390.597
121.886
62.6538
46.4543
86.2868
18.124
7.72387
607.364
307.523
319.162
547.316
119.216
52.6589
60.2822
190.938
317.415
258.311
39.1868
11.5559
262.946
231.403
15.5583
111.648
84.057
85.8943
56.6811
232.606
73.2948
20.6981
8.45132
32.9224
16.1173
10.4043
53.9309
21.7178
78.0895
169.762
28.2191
50.6344
84.1066
50.5337
20.6395
18.9738
6.92437
459.107
95.6438
62.9616
44.1534
42.1667
216.332
5.2199
198.941
39.8104
488.102
326.863
812.143
599.784
58.7444
1784.58
216.307
1268.65
202.304
64.9786
117.122
37.807
44.5574
740.954
267.274
23.1045
1.63944
393.749
7.55826
506.063
113.188
60.1689
15.1741
111.178
451.208
71.8221
84.7364
380.211
118.972
638.758
1368.7
795.686
614.567
46.6413
75.8369
6.30025
70.4633
44.4033
23.5673
15.9412
215.145
7.43668
128.338
174.353
91.3441
176.107
79.2312
276.096
447.282
146.635
118.233
48.2757
48.8873
87.6627
130.028
5.0253
616.901
46.3768
158.436
264.266
293.162
289.778
73.4005
193.541
751.443
47.2631
243.363
38.6492
28.1289
114.791
63.9011
262.822
221.862
5.13951
151.247
43.6582
207.894
20.7429
201.366
9.7247
82.3041
123.013
37.2661
77.6472
24.0536
250.27
149.192
54.8367
53.3028
307.662
153.659
212.095
306.608
180.014
218.66
5.02246
46.7204
55.5055
127.474
57.0419
386.239
219.605
192.139
363.43
505.328
53.3735
1600.4
3124.47
635.004
407.56
408.87
3659.85
993.736
736.563
150.505
315.171
2424.46
1492.78
1638.38
7773.43
300.022
1989.22
4870.75
58.7691
43.7128
2676.56
3750.95
1956.8
81.5221
401.961
62.7691
709.06
30458.2
6.84335
243.399
267.001
29.9567
98.3839
255.332
397.514
157.98
78.401
78.4154
9.39675
10.6849
126.612
35.92
16.2415
437.463
292.84
266.711
291.07
103.887
35.6323
15.2116
59.7948
51.8408
9.12141
1.62368
56.7945
8.32339
29.2304
34.6281
90.4549
296.339
787.228
107.288
88.3994
143.787
314.383
96.7629
15.5879
764.628
26.0764
431.802
478.485
39.675
158.167
122.065
288.967
81.2036
592.925
587.07
365.354
15.1557
13.9525
92.156
456.629
115.605
315.564
683.289
194.257
123.696
362.386
100.615
339.147
161.844
111.629
123.066
4.22477
265.71
132.727
302.815
199.308
128.015
61.422
27.0499
4170.13
2299.68
3010.1
1545.77
266.277
20.1277
13.3437
51.129
16.7635
21.6643
31.3465
24.1434
30.0169
30.1848
12.9889
11.5283
840.888
4.21375
8.22221
72.1342
279.992
73.9168
219.519
289.073
116.785
1136.1
46.1062
309.712
113.471
47.968
301.493
97.5135
117.148
17.8311
49.6082
141.147
1830.5
86.2213
178.016
37.9263
19.3551
72.1221
28.0119
24.944
15.4961
7.06015
29.9338
188.021
46.2938
155.731
514.908
110.41
161.528
16.6063
426.62
468.855
106.278
35.6407
133.276
42.9736
153.293
106.262
16.5397
223.087
58.8831
41.1823
56.2776
38.2597
15.3928
99.3304
25.005
48.1662
166.782
10.4539
87.3988
131.809
34.5753
163.393
76.3929
125.272
3.19773
49.0036
97.852
15.3536
2.729
117.113
5.77702
50.3691
25.8065
1.83467
77.7655
66.4729
41.3927
108.37
56.9849
12.3383
21.2405
115.766
18.1431
11.694
219.894
214.981
98.8994
161.397
97.1336
22.4878
150.984
200.807
59.651
3126.59
1187.32
603.37
1302.29
815.813
1293.68
550.497
555.339
345.535
245.864
230.735
123.287
143.003
18837.3
9.91676
57.1863
8.93887
35.3939
100.694
53.2831
28.9864
573.623
735.584
844.92
325.75
452.993
382.365
1480.97
360.041
270.96
238.315
80.1522
358.206
140.358
82.2611
36.0424
124.932
41.7597
1425.12
79.7668
722.071
413.452
200.581
147.159
24.0144
366.588
1082.55
626.321
508.532
57.6246
49.0456
47.8487
7.99183
1945.53
410.508
114.343
39.9946
420.649
112.604
84.0871
56.9522
20.0807
18.3505
15.8225
43.254
129.629
24.9708
120.688
78.4196
188.525
12.4326
33.7329
126.075
185.223
258.131
152.605
204.731
1.70939
163.633
97.0194
89.8073
195.344
53.051
110.241
53.6725
47.2081
23.622
53.1259
35.7388
39.5146
76.4106
71.2904
62.7164
90.921
19.8319
54.0952
11.9042
5.97918
12.5893
95.5306
100.441
60.9262
14.8384
29.6242
26.5643
222.905
66.804
361.217
632.172
953.337
309.726
480.126
638.078
35.8138
19.532
364.342
22.9024
492.443
719.762
95.5963
425.389
198.672
173.288
20.1277
298.431
201.198
310.97
20.6996
22.3397
7.64755
428.814
265.814
169.23
146.425
265.899
22.9158
221.304
69.4593
5.01908
133.084
58.9383
412.741
118.238
7.84756
49.5935
272.962
198.676
34.5105
57.6917
181.869
132.428
942.268
845.035
3546.1
2607.8
3564.46
319.548
21.1749
1009.14
3886.67
2826.99
480.103
206.922
424.465
2.28825
31.6466
21.3083
1134.55
30.4857
1682.63
31.4319
591.043
5701.1
103.16
255.634
124.692
158.065
303.987
266.883
772.778
51.124
361.162
669.704
111.766
132.053
51.4371
93.41
207.482
177.81
1792.39
21.6832
156.185
34.3231
31.3873
13.3445
457.361
48.6195
9.29426
57.6174
37.0988
9.7749
57.3467
12.0293
20.7106
9.89893
57.2536
516.763
102.531
547.257
65.6902
1181.43
1614.02
816.658
44.1482
52.1015
77.3982
143.026
732.238
894.389
157.035
17.0815
250.403
225.854
42.0508
263.608
26.4187
1156.06
11.3687
744.234
3.68625
98.3628
80.6811
42.2314
246.25
474.163
195.429
276.975
61.7671
72.7645
360.093
245.391
230.903
119.827
58.9961
8.70896
76.9691
16.297
492.277
268.718
171.358
469.718
131.774
283.979
188.694
54.4812
160.78
437.699
79.0048
69.2058
418.932
291.143
2.55259
224.329
416.335
230.65
337.938
305.576
384.378
182.461
234.98
70.3434
19.074
564.158
683.423
228.67
229.588
320.353
97.0394
843.652
22.5507
18.8748
36.7008
330.714
441.301
35.2274
9214.6
4060.38
2406.29
1751.61
308.33
6689.53
7888.92
250.836
6484.73
5151.17
211.215
145.971
519.578
91.1513
42.5136
145.966
41.0663
483.636
154.763
69.3817
46.834
19.6074
194.126
34.0333
15.273
74.9791
335.273
83.9238
40.1881
81.8583
50.3009
10.3969
53.7806
160.703
14.9732
57.0578
97.4404
36.8856
82.7069
179.185
37.2043
7.60363
67.375
15.7714
65.5779
7.05039
49.24
93.9921
38.4508
49.4061
55.3408
14.1627
7.27725
73.3231
38.9214
275.163
223.638
973.736
1199.53
414.537
1112.2
2071.42
300.16
755.04
146.141
29711.4
1340.56
13883.7
6660.35
2.63676
22676.2
1692.39
182.999
8.49592
79.4341
42.5089
45.5922
280.382
109.358
208.292
55.2725
11.5736
16.3859
10.5458
13.0929
26.8714
23.354
48.7495
55.9826
165.711
47.4335
79.3547
175.751
221.394
203.508
8.9696
9.82222
371.208
410.195
64.5594
574.498
12.1031
25.5259
83.5067
474.471
176.14
166.799
16.9154
34.9066
212.336
125.459
25.286
161.59
157.016
101.385
223.46
333.443
210.897
134.257
62.7962
64.7901
33.0397
155.41
41.5952
79.1114
76.2934
382.356
49.1679
992.168
359.321
1484.83
2067.69
762.831
345.872
603.98
12.9245
3.93348
43.676
69.7199
14.7707
351.855
70.1737
15.6786
10.8271
311.781
169.44
106.128
333.272
187.339
41.2477
35.621
66.8246
56.1823
94.9371
37.4322
179.251
27.3258
51.4313
6.66282
100.168
66.2699
317.535
35.8184
232.72
10.5868
297.705
139.342
378.487
105.092
52.6078
65.5689
135.542
130.952
36.0059
26.2113
43.0483
46.57
10.8104
31.6276
15.6091
164.56
70.7998
192.776
195.291
18.8201
43.1141
105.412
49.7116
57.7781
47.7195
16.6875
379.336
89.0746
148.697
526.182
256.02
261.382
37.9075
392.923
169.401
81.3553
99.008
327.568
101.251
5.41349
130.962
27.9155
23.9905
142.978
42.5626
20.6616
189.389
27.4037
165.228
87.8074
1722.72
918.379
639.489
93.2459
746.297
226.353
422.075
194.424
589.654
464.199
710.563
2925.23
545.67
755.402
48.3867
201.792
108.298
120.581
298.589
47.848
233.566
203.163
149.97
146.679
54.7154
3.99097
220.67
9.71127
11.6851
78.5722
27.5787
328.393
115.117
380.339
119.981
9.42188
13.9584
130.804
17.2023
130.584
86.9897
23.6972
260.927
106.816
117.797
51.8581
81.0901
46.5583
101.175
79.8689
102.475
138.399
286.721
97.3314
302.696
143.742
106.084
49.2192
57.3535
169.888
36.5782
32.6308
23.5717
282.613
446.3
183.996
24.1469
20.4956
468.49
89.2812
346.294
340.14
398.639
563.682
1742.04
464.91
320.554
496.819
5.04695
197.033
16.7921
30.4378
10.3408
40.5341
153.173
41.9821
100.11
70.9836
41.6069
33.5305
207.35
114.692
281.141
40.2146
5.82464
109.255
55.7408
118.436
116.687
264.955
53.4166
47.1473
230.361
290.475
622.549
359.564
103.165
71.4951
6.15019
56.7667
134.521
64.3872
64.522
3.97084
2.5073
244.555
37.4157
9.23018
89.9332
52.2501
10.7987
105.459
155.556
95.6519
29.2873
29.4878
4.09434
22.352
8.4426
22.8247
132.803
16.5007
84.3391
180.031
27.1145
11.8497
234.156
125.518
244.244
243.471
352.25
683.938
260.559
151.823
149.341
204.796
108.049
107.647
23.3802
33.0186
11.0434
150.881
217.462
38.2086
69.604
40.7552
3.78553
9.77249
6.42389
46.6511
15.2177
258.242
152.901
288.127
62.2524
61.5118
172.566
34.1266
13.5065
137.868
72.9739
138.412
26.826
9.8823
13.5495
32.9419
38.0196
11.9349
24.6096
63.3773
51.8271
72.9673
230.149
145.077
141.83
192.46
531.309
6.59398
700.283
179.73
100.624
47.8225
1713.56
466.394
355.529
32378.5
22342.9
3000.71
111.637
585.393
211.019
175.604
494.632
1077.5
319.099
275.538
538.094
101.475
121.498
125.276
123.133
12.311
53.7784
1089.99
3096.05
1129.6
617.852
35.9631
254.696
2336.34
433.758
220.121
1617.39
3.17127
754.752
139.532
1078.32
272.177
182.893
1021.52
88.9627
250.949
421.341
426.712
52.4894
243.961
227.892
585.774
2760.5
422.769
24.1873
92.9534
1197.9
5987.4
981.006
25.4804
227.442
60.1712
128.484
101.428
100.553
629.555
33.4352
141.124
1076.13
1225.61
299.152
935.917
37.4645
414.097
12.5646
283.18
65.6296
26.1472
306.754
13.2229
150.223
1114.63
861.486
189.435
231.773
106.027
197.454
6.67909
756.07
367.864
564.332
14.4683
83.1659
256.13
57.9051
2.58009
87.3153
26.368
112.789
435.661
251.57
274.792
134.283
138.301
178.676
5.41331
20.2787
68.0766
341.597
466.965
134.551
596.327
3452.18
4200.06
414.612
1213.88
1368.01
213.376
325.18
107.215
84.6851
127.353
155.157
120.046
64.5271
115.874
736.431
3346.17
1484.88
643.492
1531.91
551.384
243.564
75.6911
106.115
2701.72
436.749
25.4556
353.315
33.1216
340.521
23.9908
34.0414
13.1301
10.5593
75.3954
61.6793
128.872
219.115
279.793
183.928
565.086
170.899
143.611
2977.9
36.5761
163.192
24.2712
11.745
12.0254
10.3745
92.2421
135.07
150.538
149.41
459.461
106.047
404.807
237.723
133.901
2980.04
74.9415
20.8362
4.00461
12.4624
127.017
109.351
193.164
301.534
309.173
128.91
519.613
181.928
170.03
2211.32
11.673
23.5602
212.253
10.832
47.9419
96.9838
34.816
86.709
38.3794
271.824
198.975
70.3246
252.468
105.2
1151.1
85.9234
455.945
138.68
583.835
190.052
789.68
267.679
750.544
766.267
2296.62
848.42
144.053
1236.47
413.415
1329.87
780.503
356.77
2663.13
11626.4
3013.5
4136.23
386.76
110.749
221.481
2601.98
477.688
1400.04
789.992
1630.19
46.6851
48.1793
32.3647
102.924
72.2298
595.644
205.313
743.71
364.163
4664.42
352.969
540.943
8.13865
9.27796
15.0605
120.152
188.707
139.385
187.983
150.186
399.549
6.3011
153.565
612.863
396.093
139.545
210.864
3053.82
1060.86
228.829
1116.85
851.592
974.315
196.88
94.2036
64.7649
30.4127
2.13939
241.196
110.808
305.537
25.9745
451.84
156.122
265.96
203.178
23.3375
2.30873
219.301
536.783
34.1628
72.9676
252.585
84.9647
20.678
14.2504
78.692
95.1953
96.1476
170.146
22.1349
6.9284
130.039
19.9998
261.504
37.3118
47.0421
10.097
175.329
166.269
226.853
47.3918
120.069
225.837
185.092
186.554
367.116
130.09
598.988
366.24
116.123
44.0517
316.223
218.027
380.644
74.2051
104.469
277.09
308.117
283.544
569.719
960.878
885.923
475.845
48.8534
70.8361
387.584
101.382
109.682
164.919
294.628
453.977
383.849
202.768
222.34
158.854
512.335
120.188
102.527
726.93
150.535
535.526
186.014
104.901
564.712
109.213
146.013
465.802
1242.24
181.712
2116.32
899.605
897.12
897.096
505.782
2187.73
82.7632
1221.05
288.212
244.974
589.213
213.25
1752.4
2607.07
749.084
591.886
9831.24
5310.21
943.24
1102.45
3674.32
1947.34
5933.15
620.795
384.819
407.04
18.0285
13.7355
116.62
16.7821
49.9989
99.0232
16.1264
307.593
120.733
45.4583
435.704
59.0005
452.326
562.607
800.497
1512.83
867.264
176.255
6.88985
245.021
9.50944
156.722
164.845
1008.58
137.291
326.767
49.9024
146.182
60.5917
50.2237
28.6016
1202.05
410.909
1123.84
74.2466
26.6647
20.0014
195.295
8.55344
15.511
54.6001
19.5335
63.5131
188.121
80.0103
29.2347
110.798
221.482
8.52081
221.866
18.8516
92.9395
72.129
264.828
134.844
51.6201
13.2673
75.4326
129.083
69.1492
30.1957
9.00438
82.1029
38.4362
95.5332
48.7033
472.249
105.348
27.4906
46.4335
14.0375
69.6807
113.791
24.7324
7.97113
56.1835
13.8117
12.9588
170.201
455.908
143.711
12.6255
70.3085
40.4087
46.3955
136.946
76.3897
564.104
435.804
55.9032
125.385
88.257
79.2589
142.656
129.327
89.2054
34.9943
151.586
1.77784
85.5378
163.938
23.9881
111.548
14.6698
78.2333
15.431
22.9986
43.245
134.589
104.711
163.33
90.0279
72.0773
163.96
103.767
115.396
104.775
41.6977
0.758399
150.162
11.8469
51.4486
214.224
81.8571
59.6703
59.6004
98.8097
28.8593
113.185
123.604
121.623
24.13
10.963
60.2609
64.02
100.992
20.2885
9.82067
49.9972
162.25
35.634
63.4581
13.0822
352.295
126.169
79.5626
116.033
85.5521
74.9857
11.3382
52.8988
207.834
22.5806
182.056
116.676
196.517
55.7949
18.4089
102.812
19.1508
51.7764
48.5376
28.6951
60.145
183.518
24.7097
49.47
58.5165
39.2307
15.2013
91.9826
2.19964
2.5821
20900.1
18289.4
132.975
5288.35
19.9901
146.714
45.2704
217.806
132.704
5.10386
29.987
84.0326
14.0011
559.654
506.841
275.656
20.6348
44.4762
7.98945
288.192
219.836
133.985
160.849
582.148
439.75
1812.4
834.035
6042.35
1302.87
1985.52
19.836
3.73998
267.406
99.605
155.231
217.132
68.3667
1210.63
29.6652
234.813
720.247
245.389
417.603
7929.59
622.298
590.605
836.163
348.464
446.288
122.589
216.721
147.982
282.464
661.4
714.682
221.625
160.695
442.389
27.7632
148.936
66.9101
124.644
47.7447
123.482
8.87069
51.1063
29.3441
18.7336
161.905
14.0754
52.0008
18.4322
141.812
289.055
144.18
182.106
119.456
141.966
479.62
242.85
55.8687
841.091
230.832
22.7677
768.976
92.7129
51.5964
32.4379
674.297
96.3059
368.318
1435.89
100.802
161.176
117.659
920.909
6.10296
42.1901
9.48855
55.9677
51.3998
133.156
74.0248
90.4368
63.1749
44.3572
608.845
117.143
106.684
294.615
44.6863
35.5336
10.149
97.9421
495.397
35.1738
19.7845
205.458
1025.23
96.949
333.522
201.984
8.1426
182.626
148.665
83.4993
50.212
1874.59
227.478
679.272
1066.67
308.653
65.0973
17.902
29.2858
181.23
1639.21
7757.78
512.68
1282.92
837.573
309.927
55.7548
29.4693
598.245
246.569
70.28
191.6
395.549
1067.12
202.023
802.814
480.188
65.3695
1337.48
870.197
224.209
75.3394
234.003
67.6979
78.8619
891.2
533.605
49.9579
512.931
628.704
49.7505
670.272
201.715
113.272
40.4857
14.3783
415.591
141.847
162.075
127.018
35.1431
170.535
96.0458
33.0652
1070.1
494.491
136.386
294.256
541.866
359.966
151.931
269.008
175.116
55.4488
375.208
247.767
154.821
46.3651
6.5142
53.5325
55.9695
121.905
300.633
386.81
97.6252
469.413
2596.77
63.2666
44.7082
214.368
24.4975
107.994
116.877
18.5527
93.7191
167.676
2.79514
5.08856
76.3991
229.759
48.9424
36.6524
74.6862
159.641
185.457
286.104
981.823
1180.26
100.307
77.679
252.264
590.897
288.425
663.74
2072.34
334.322
238.958
841.086
1305.58
15.0143
836.492
1925.68
974.651
97.4963
1425.64
511.628
683.309
1381.34
1000.55
401.216
8460.55
12422.5
2745.19
7360.47
58.9253
25.8446
215.353
48.0723
46.5745
21.102
38.2093
8.16262
43.6676
11.0112
76.5901
82.4693
2.39534
149.432
5.00504
84.4072
8.61934
234.615
17.9072
37.5014
141.491
231.675
129.007
20.1861
265.956
210.378
223.248
659.67
248.807
101.519
357.114
403.056
326.391
785.947
117.935
1303.08
72.8164
87.0079
412.324
340.05
190.58
323.818
536.59
27.8303
746.373
1342.19
368.629
18.7964
1250.58
436.414
698.222
723.418
996.665
266.068
771.405
618.822
1488.43
3333.07
2374.66
2007.2
632.196
1302.72
7752.1
232.477
36.2007
18.6406
313.728
38.3293
139.68
36.8316
236.88
74.2308
45.1982
85.7433
986.082
467.031
678.808
716.73
914.638
141.169
56.6153
31.2706
144.121
22.0969
11.6818
10.1623
19.9319
10.6105
27.7919
5.34297
93.7584
10.9697
22.0559
20.9145
10.1095
59.0905
39.9641
9.20286
8.90177
142.673
66.3286
91.1084
136.318
18.9251
60.1326
131.855
41.376
135.332
53.6621
14.8055
380.983
34.6257
135.588
116.496
115.036
44.6076
25.7201
38.2898
54.8326
55.3328
37.1685
216.943
67.6342
75.5012
144.492
142.226
335.153
49.1249
92.8921
89.852
113.275
455.854
248.83
466.371
222.668
145.796
56.4336
23.7314
13.8808
9.26042
92.1703
19.0505
48.6925
118.423
641.956
441.604
348.454
2007.05
929.4
222.193
757.236
1563.5
264.649
37.8344
58.4542
60.7712
8.72987
604.356
6.38912
28.3725
276.554
59.1285
14.7755
34.2511
223.636
346.279
505.907
1108.93
177.082
110.308
762.252
1921.91
694.615
49.9593
435.773
113.807
220.231
831.823
38.8485
449.153
1295.64
343.281
135.41
1057.84
67.7811
1427.79
526.533
1668.65
186.187
399.266
440.925
108.229
251.254
154.93
102.031
306.875
283.521
22.5079
303.022
330.59
164.538
96.4636
6.48858
85.3355
811.232
613.497
131.361
27.8967
9.32661
30.5599
98.2715
66.2333
189.45
364.684
48.8665
13.5069
509.252
1619.25
152.448
31.8137
88.472
393.839
1890.71
15.4832
17.1109
7.26029
269.242
1831.59
162.251
73.4361
17.8235
272.83
16.8483
1845.96
109.804
34.538
306.483
3.87675
63.5783
233.583
8.54447
247.774
1153.2
166.084
437.363
178.183
3941.51
370.016
240.851
369.638
147.262
25.4357
1224.41
31.8456
1824.91
26.8715
126.865
327.286
80.8374
47.5782
35.4887
239.723
38.3933
4.46897
209.668
370.391
90.5714
8.76438
204.929
27.4601
36.8975
17.2192
570.854
71.2152
735.574
297.631
10.534
9.50535
11.2051
171.672
112.848
178.291
1449.45
4.22062
12.2259
202.205
955.623
54.134
8.53175
4.56418
11.1091
194.092
14.7616
200.732
1227.43
5.10784
4.07546
50.1018
5.9273
39.8805
26.5259
69.2975
59.6281
13.4364
247.807
165.399
173.66
121.45
303.956
109.786
937.185
112.674
2117.49
163.607
115.591
346.161
54.5537
116.01
468.416
13.3648
115.765
443.475
523.878
263.893
49.4785
31.1056
102.308
35.257
29331.3
3748.61
7.59353
12.4779
2725.53
115.984
50.6546
1105.18
492.1
129.362
281.965
73.4409
10.4926
33.1158
2763.26
513.731
215.4
276.559
1352.35
12.1119
272.863
1548.82
357.678
235.456
521.93
107.561
305.541
7.53048
1.07423
48.2773
214.494
37.0678
112.591
30.8867
361.353
67.7613
7.80792
54.6018
18.2467
38.3318
10.4727
6.15259
12.8122
45.1448
2.79276
177.95
24.2854
4.86971
29.1731
186.841
31.6372
70.3959
13.6094
18.7153
79.0874
105.151
4.03891
111.603
57.3951
17.6535
50.8821
161.216
247.571
101.506
216.175
138.22
445.666
268.426
75.5193
107.936
446.342
65.7193
146.796
1226.24
432.34
34.2062
387.195
1.60322
443.947
22.3363
171.949
123.022
313.944
122.392
127.587
60.1658
6.02623
12.572
77.3656
13.8364
6.44798
292.161
1198.08
450.901
14.6844
1169.84
3845.79
4575.32
793.533
179.633
1489.18
313.81
23.7496
348.653
182.606
155.618
85.6509
1260.11
440.063
30.2321
634.67
378.745
1126.47
494.457
3308.64
206.226
5098.43
797.249
1887.65
54.7826
785.772
324.267
393.738
231.889
140.914
485.028
113.479
346.172
164.631
213.002
78.8684
29.3496
8.95227
9.20271
475.718
12.859
172.853
57.7075
81.146
97.881
56.0552
60.7677
283.576
457.129
119.752
361.427
33.8807
402.994
44.1349
176.547
737.552
563.169
116.117
248.289
154.792
168.48
395.836
29.7996
71.4437
130.446
14.356
3.55016
56.3386
5.71618
176.345
24.7718
24.6809
228.566
265.909
48.8063
233.537
6.49059
305.887
19.2766
25.4719
21.4361
20.4215
244.513
119.617
104.839
141.81
2325.53
24.0322
28.4514
14.6156
283.5
1786.37
140.586
56.4945
16.2945
223.736
13.9777
1417.59
62.0703
3.74861
20.3779
212.813
3.97475
55.2899
54.7098
31.0451
24.4587
39.8632
305.962
164.108
81.7911
1424.13
411.963
2447.17
192.188
70.5456
5.78368
18.9319
32.1061
242.82
1438.11
107.628
63.6564
15.7887
1858.91
948.931
112.367
537.25
168.88
299.76
63.2206
70.8127
14.3375
308.933
2139.55
505.318
755.599
205.835
172.354
38.3275
216.124
79.0821
29.3625
70.3869
36.4576
2.23983
21.5632
104.818
65.109
124.88
7.99409
192.166
334.938
105.421
262.89
346.069
154.659
74.563
1289.57
729.649
403.525
844.285
302.924
420.992
727.052
377.663
4522.69
2181.97
212.819
8.08761
689.922
1601.94
133.119
1787.41
576.206
130.515
22.2236
15.8821
16.965
39.462
283.072
35.2117
71.2099
13.3981
65.6017
29.557
42.7687
60.221
131.876
385.931
540.853
1293.23
13.2452
263.424
3.08554
542.154
336.425
353.152
523.443
291.682
511.752
370.69
5946.89
162.81
340.29
139.914
78.7496
36.8879
467.386
156.012
123.576
15.3584
26.1897
46.6221
9.26368
206.038
71.6564
67.4919
40.8695
7.51462
7.34716
42.1568
24.4375
60.0647
8.54255
54.6027
59.2331
20.5089
69.7939
30.1238
52.9237
163.348
186.057
2.84181
36.3834
89.6155
131.951
84.0769
145.401
10.3942
80.824
175.641
16.8182
86.911
200.867
133.882
217.524
80.6277
54.702
151.518
30.6094
82.1789
49.995
502.351
934.432
371.348
268.793
148.574
490.446
51.2181
26630.9
917.01
489.096
22052.4
17355.7
148.244
3160.28
24.7673
10.7521
0.224948
41.8742
24.5469
56.4683
167.647
41.0715
29.2866
413.94
53.8477
24.5394
151.698
2.13367
109.303
115.361
105.292
40.9854
42.1858
39.8024
15.9401
32.8646
28.5753
6.90492
39.5848
79.62
95.8555
71.3304
11.3302
57.4607
125.372
273.174
8.34708
16.6684
38.4345
134.282
69.2247
14.4651
81.5861
102.89
130.343
100.45
50.66
64.2284
97.9962
31.076
59.6859
19.3963
22.9521
26.2526
12.7369
16.6549
34.6943
63.6492
2.7303
47.2956
10.5621
7.83957
19.6547
15.2717
28.9212
4.99116
5.27534
10.2864
198.152
158.147
49.8661
49.5996
174.931
33.122
11.3058
53.1239
10.641
293.755
274.435
32.5896
171.798
396.048
690.716
203.958
424.025
211.773
11.6218
34.8033
43.1034
37.3511
63.9891
25.8579
83.3421
16.0012
5.85926
47.7651
20.5709
14.7625
10.8575
15.5521
33.91
30.0266
138.771
352.825
811.54
356.361
5.05176
207.46
97.119
52.0153
63.3047
37.8707
22.2522
9.6108
13.0238
59.6846
88.2531
12.3092
17.8947
16.5457
115.095
96.3235
1.72265
35.0508
86.3546
105.019
82.4523
62.0345
106.387
33.2575
152.097
48.3336
127.416
24.8821
15.0322
59.4046
34.6487
16.172
101.829
75.7399
163.801
186.129
200.658
95.5747
447.929
207.716
37.3068
68.4513
164.526
157.274
120.558
143.917
381.505
305.836
255.537
111.004
111.447
280.831
43.1574
145.051
258.552
334.951
297.826
259.181
165.055
83.5836
685.931
605.041
513.431
706.777
180.801
96.2932
483.182
448.871
724.936
114.023
43.7936
236.618
115.731
614.517
60.7244
6.16385
181.984
37.8456
95.9504
52.2846
20.1959
3.52348
123.304
59.2905
30.4591
15.7595
14.1497
25.9806
156.453
32.168
258.585
125.646
76.3626
4.26743
217.44
200.545
55.3237
169.761
91.0883
71.9673
171.102
366.698
210.11
209.487
137.3
58.7517
34.7004
55.5767
316.661
23.0288
34.2722
444.252
369.487
90.2903
320.939
160.051
77.0561
262.627
310.674
699.051
488.731
244.759
80.7526
64.3258
91.9917
110.486
57.8381
123.809
103.825
212.855
132.076
61.1574
30.9566
112.653
112.439
238.157
219.347
250.325
177.571
30.2351
144.743
11.5397
150.518
32.6695
16.6121
93.2109
7.69794
14.5186
23.3725
87.0748
27.3957
30.5378
19.6877
52.2428
17.6223
22.7083
226.217
82.2815
25.9152
102.198
207.345
389.062
216.274
354.551
889.855
234.854
1907.21
63.8164
313.078
532.625
1021.63
1751.38
296.693
609.016
20.0915
40.8018
94.8261
44.5858
36.8074
241.307
98.1574
1202.38
194.556
133.31
231.631
347.958
633.505
1346.81
1774.39
528.792
142.391
254.597
491.879
1209.32
5570.23
148.088
6.58436
159.516
98.5711
91.4564
13.5256
317.271
139.258
138.91
278.18
775.396
5.37528
32.341
459.609
353.782
322.345
158.813
1904.38
899.003
119.798
1547.86
3145.07
496.92
228.636
272.285
39.5773
70.4188
382.599
265.616
1775.03
963.683
411.298
22.8734
80.6868
491.909
405.455
236.636
380.73
98.2956
264.367
68.2493
268.282
183.236
24.6918
66.7409
1230.71
460.373
399.302
1061.04
449.079
65.325
47.6169
872.761
340.706
218.17
304.515
598.269
157.169
349.299
741.522
155.325
325.364
177.724
231.816
357.133
344.454
2456.29
742.559
4843.65
1688.26
465.896
2280.56
212.194
285.347
57.6283
775.685
270.721
342.861
175.165
118.07
11.9452
592.959
173.746
117.587
1374.45
76.842
92.6392
147.159
149.622
27.5383
1152.98
68.4508
461.007
76.0307
43.1111
181.747
453.243
532.804
606.502
274.381
211.907
380.62
47.43
341.524
237.018
168.544
217.53
553.704
459.183
259.485
636.769
939.844
418.19
475.009
318.518
514.677
1162.28
2366.71
373.21
1399.26
336.943
422.165
338.702
341.616
1235.92
1272.85
602.148
275.534
585.094
308.374
5058.63
1055.85
166.005
118.07
213.647
33.9198
74.2873
137.046
216.001
19.1543
158.651
141.722
137.023
39.3644
858.046
168.381
473.306
16.832
9.99288
42.4663
378.065
296.51
10.0242
281.995
105.406
695.946
20.5178
100.659
491.697
23296.8
18524.5
1.77983
11.4147
624.348
94.2367
17.5148
16.0713
27.0144
210.814
122.338
18.941
57.3761
182.576
130.348
193.695
3.73176
156.847
559.29
167.182
128.314
20.0803
190.374
982.832
150.967
42.6857
70.5099
652.07
138.405
4.40164
97.4808
23.6627
190.757
1022.51
53.6977
39.2264
50.2598
300.502
43.3195
432.84
2274.71
23.7551
59.7982
183.062
732.329
125.562
104.077
99.7581
87.2758
104.413
262.493
102.928
38.2651
70.5501
1152.06
594.925
793.443
0.366985
259.266
121.393
39.3612
277.832
1777.78
73.4361
190.613
687.572
59.2632
54.8662
30.4614
33.3847
25.9575
30.0422
458.545
171.18
119.188
15.8644
169.503
147.538
104.418
17.3268
14.252
10.1478
162.742
126.652
40.0765
130.377
91.5732
10.021
559.296
369.616
85.7019
53.1941
8.38579
57.6287
412.632
56.9725
45.1988
65.5253
43.5589
424.118
53.9506
65.6716
294.4
52.3326
14.3355
692.614
90.5278
62.7438
32.766
242.07
9.13467
47.8064
58.4255
633.945
450.637
18.8181
95.4783
16.4435
12.8287
21.513
327.792
23.425
306.029
66.0578
8.65451
863.058
95.1952
171.975
74.2741
721.561
465.732
14.2537
53.0514
27.7671
131.125
97.5149
227.13
965.591
301.782
156.49
1656.96
716.092
10.7873
20.6021
8.41705
19.5052
33.2916
70.7772
198.066
53.1322
578.523
239.238
148.206
209.78
1656.97
166.366
15.5045
104.453
10.1467
69.7783
37.0502
33.3579
143.368
107.301
9.21236
266.635
935.513
1458.71
269.376
166.241
4.55905
42.6013
41.1309
21.5991
23.3313
141.263
73.9712
65.1182
163.191
546.13
1980.29
4.63594
33.5742
33.4727
36.0029
44.4161
75.099
35.5553
189.199
7.26825
43.5977
84.0787
34.7412
178.215
133.208
224.059
1930.2
541.036
213.213
153.814
4128.63
578.391
994.168
71.7195
77.2946
5.54802
0.610793
9.37364
43.1908
33.9883
176.019
107.098
95.1088
25.5828
232.928
493.93
145.914
275.268
772.977
516.726
361.515
887.194
547.634
127.682
257.882
197.709
164.927
8.33096
514.236
231.534
35.781
335.607
176.557
6.85841
108.454
949.855
444.6
225.75
87.901
43.2448
234.204
658.796
310.059
627.112
30.856
36.2148
278.457
172.862
198.14
913.948
2838.35
13.7927
28.3409
26.3592
245.66
2146.92
14.27
139.392
97.386
29.8033
321.001
12.0248
1741.47
91.1392
30.2502
47.0271
63.3417
31.4764
248.167
18.9245
280.464
1275.52
242.642
277.541
249.458
208.381
4491.81
319.9
424.407
247.297
37.1631
4.71991
132.812
1189.99
25.1235
154.639
1839.41
124.805
14.2672
4352.42
45.3842
111.928
1743.74
11243.3
4.03475
463.658
12860.3
1375.08
14821.9
15042.9
828.397
243.44
2708.52
19612.3
16052.8
427.397
8.12857
29.8031
26.7957
655.034
37.9315
16.1481
43.7703
367.793
409.586
555.451
30.9125
160.104
22.9205
1148.08
61.8987
812.169
19.9335
287.369
219.953
319.954
305.667
371.17
217.698
68.6334
5.84199
73.7252
58.511
45.3014
9.73956
486.624
214.766
2008.68
311.722
1503.47
325.969
608.323
1214.7
410.774
2214.42
371.09
75.9295
28.5407
601.634
94.2059
561.004
277.127
36.091
28.1231
108.777
88.5136
884.304
186.646
30.8827
49.3861
113.707
2645.09
232.55
1381.84
679.534
439.211
265.676
76.3899
175.952
309.387
121.178
30.7542
99.9843
15.3866
8.97662
19.4375
64.3117
979.744
428.492
157.299
911.22
295.791
65.8582
1.24567
253.986
165.297
91.1099
46.8859
35.4478
140.251
322.697
36.9158
22.6823
20.2331
46.3378
72.7613
308.724
180.059
94.1756
220.671
19.1132
49.3173
209.241
136.584
286.333
16.3994
72.9989
1.59624
1165.16
16.9588
1007.03
400.964
398.244
769.977
1632.55
248.417
79.2746
105.509
6.46553
72.7606
193.914
578.425
282.11
319.247
18.7476
163.35
323.881
97.7206
223.868
82.4305
156.54
10.7932
52.6208
58.3848
10.6481
211.832
89.6106
185.466
64.4101
255.329
44.8667
13.2817
1272.14
399.225
59.1767
3.72992
17.7306
17.0033
0.08063
4.06482
6.11337
26.1619
10.2655
31.6272
49.9566
54.6477
3.62748
67.1157
100.366
22.0441
14.0253
6.70348
10.035
29.4591
80.2789
36.8812
15.4782
207.992
132.95
359.275
30.9489
203.305
61.3525
17.7697
26.3994
205.944
61.6634
492.869
91.7517
67.8213
359.84
131.529
3.12351
6.58192
21.6356
43.2207
50.0452
30.3832
144.237
78.0511
18.4538
19.6987
50.3702
179.79
43.8217
45.6163
516.647
333.54
387.602
46.1537
183.029
302.385
23.057
217.231
1179.55
238.897
87.8301
312.31
595.037
1193.08
213.531
201.409
51.5634
148.942
206.788
153.016
14.2953
163.762
5220.25
1621.56
1699.54
784.606
545.997
930.692
1731.93
408.837
792.7
495.01
166.603
68.1721
562.718
186.502
1806.74
1367.43
73.5158
263.583
1421.62
400.146
164.692
246.737
784.752
18.2613
636.697
435.793
222.179
829.087
395.973
394.658
166.075
148.784
19.0396
132.776
29.5824
583.323
1619.74
348.452
41.8766
74.1064
8.67104
760.128
47.3542
202.546
94.0601
152.457
87.9742
205.992
27.9162
96.9761
201.594
135.895
227.478
170.342
23.2415
13.0714
34.4473
26.8614
15.5953
55.6897
3.45292
25.2695
42.9416
36.4616
162.064
93.6993
100.535
59.207
5.51147
315.114
72.6558
37.2343
29.8744
4.40719
5.56628
40.1588
33.741
13.8369
160.786
87.01
800.7
108.138
435.978
41.9306
327.072
108.896
53.0807
114.192
11.9766
12.1249
24.0247
62.2048
42.4492
255.58
187.004
82.9102
38.6246
7.55156
59.7258
181.266
197.284
131.992
26.0228
37.1076
58.7841
2.25618
40.6655
624.412
14.7874
299.693
210.77
86.3856
60.9612
39.2708
25.3031
80.1465
205.719
46.202
269.858
102.871
26.758
15.7717
208.531
115.108
68.0309
315.871
6.65735
354.687
118.304
72.4311
508.341
118.839
71.7653
692.962
462.502
25.8779
315.356
831.333
778.435
2899.89
34.5708
581.692
124.68
278.691
865.887
276.772
179.084
354.955
201.181
15.8747
74.5035
61.9817
164.163
253.285
109.575
274.656
19.5207
32.5329
3.67942
19.3659
3.92376
7.90982
58.9741
21.8963
33.894
58.909
45.1686
17.3032
131.085
73.4202
6.17944
99.2151
62.4341
38.8913
31.6407
71.4305
186.144
148.435
122.635
220.824
50.8958
52.3618
181.961
46.8238
589.095
325.881
279.668
1740.67
1037.51
409.978
271.818
445.319
3305.05
287.454
58.87
120.531
407.571
21.7003
284.707
299.751
41.0446
367.417
50.0603
401.748
357.864
11.2213
153.403
228.802
87.7977
172.005
10.165
102.103
238.078
105.135
132.942
24571.8
59.4388
1654.34
161.481
377.939
12333.6
1341.81
710.347
308.092
30.889
435.163
451.362
345.341
16.894
49.5511
28.2514
8.78974
63.5374
26.1997
11.352
6.83711
391.383
71.5344
518.004
66.5822
612.329
292.612
210.561
169.177
114.24
227.908
109.753
98.4713
152.397
24.5984
449.896
167.145
36.344
145.114
217.382
11.6963
164.955
161.89
99.9999
48.0458
55.0022
525.095
301.806
13.3658
25.7262
194.02
63.7804
135.585
68.2479
123.024
28.8064
26.2752
357.734
4.77893
17.7624
5.17602
136.938
8.39036
18.0334
113.825
45.8198
59.1464
15.9047
27.6194
12.1241
26.5511
30.7572
36.5793
180.587
20.2626
59.7051
20.0106
6.64329
113.718
326.686
13.7997
1014.2
795.667
153.246
69.1576
2445.87
768.745
1222.56
343.035
675.903
211.059
801.786
1103.19
786.582
106.253
535.969
253.499
47.7935
508.253
194.103
291.451
548.838
107.124
23.1087
54.4111
206.735
49.437
44.3347
26.6003
207.395
218.856
217.119
214.568
69.0901
17.8944
37.9377
216.868
0.127423
13.4167
13.2372
51.5757
36.8915
18.6624
39.9089
91.8207
31.5589
34.3866
132.084
32.9548
109.286
34.1987
67.1297
211.843
22.1974
20.6843
21.7748
80.5463
33.6706
115.625
14.7759
68.1154
62.6952
44.9534
80.0245
24.2481
34.6323
18.0259
92.6856
169.564
467.7
248.165
143.515
33.6221
41.9475
199.206
115.948
49.5272
264.654
33.3447
99.4801
353.253
237.522
24.6222
75.9638
295.806
117.686
50.4898
221.963
152.375
320.331
184.002
99.6635
192.997
109.585
192.221
121.148
630.077
88.6299
43.5741
265.049
18.5488
59.6747
484.575
364.542
126.768
70.427
97.2607
21.1539
337.351
378.152
162.551
23.8228
146.207
6.20946
45.3331
74.0268
2050.79
521.563
247.626
562.183
263.017
167.947
346.805
245.101
913.095
40.7031
606.485
81.8884
61.8627
53.0054
103.532
49.7532
73.989
29.446
711.766
313.429
270.398
75.7952
91.2046
64.0232
858.572
367.398
1436.32
1136.1
815.098
942.269
184.458
140.446
376.791
193.025
896.756
1365.8
4923.38
2789.41
938.376
2526.78
724.036
122.74
146.145
1406.38
239.596
144.233
143.312
34.6598
13.2318
11.9971
8.746
44.9746
8.79894
21.0079
31.6414
45.5471
22.3386
10.0706
28.5636
31.1606
90.6525
84.347
29.32
15.0081
0.497003
63.4462
10.3262
15.8737
12.5069
31.883
48.6458
50.8437
44.6872
19.4333
17.1533
39.6387
40.2404
15.8869
12.9652
58.9787
76.1828
28.2456
74.5197
36.6019
108.396
15.9018
18.9962
34.7633
3.04975
68.7852
17.0107
39.6497
19.1682
142.659
31.494
8.93355
22.1475
157.564
11.829
43.1551
18.1556
67.7307
274.018
67.6586
23.8294
294.294
3.8467
57.4586
57.1856
142.837
105.156
44.9382
60.5647
97.8833
54.4486
34.7711
129.813
16.7418
10.623
94.7039
29.117
448.551
78.118
65.3608
178.376
44.6534
141.879
48.742
59.6779
193.29
27.2523
27.1812
140.667
44.0958
16.6651
61.9323
52.281
15.4985
33.8905
17.6864
347.549
102.14
10.767
106.189
138.893
167.281
150.532
41.8684
12.7822
15.6977
85.9113
19.6561
754.531
793.427
538.171
250.859
74.551
443.161
390.458
74.1225
49.2851
275.194
186.246
59.8305
61.3484
132.905
140.732
22.8986
152.099
175.85
488.954
110.965
318.604
1803.64
1284.23
434.685
286.707
463.394
443.055
212.857
132.963
1739.88
534.733
746.843
205.472
487.191
572.988
54.5347
71.4085
138.518
302.53
218.307
32.9685
532.201
281.849
178.106
19.8578
265.276
81.6382
337.115
1479.5
114.788
624.475
657.703
304.411
126.587
308.827
314.338
2027.65
1188.25
273.58
157.135
942.016
571.016
359.288
292.367
111.7
680.618
388.666
297.688
2.33552
79.6223
415.814
6.59107
72.336
635.707
342.237
4.7907
125.29
42.2516
552.134
210.429
304.888
131.922
145.681
34.1305
8.64316
34.3976
129.88
69.4721
21.3888
63.0409
21434.5
69.8048
22003.9
540.437
2194.1
16982.4
3553.43
142.815
1248.92
1521.74
24806.6
631.314
364.293
607.306
3988.32
2099.8
1646.19
18.1196
16.3553
143.32
187.307
118.711
135.838
140.99
48.7175
62.2809
194.043
2582.13
3003.39
736.652
240.513
9225.45
29629.6
6607.55
3561.84
399.858
3.95654
12.7841
14.6956
5.9842
49.1013
20.3697
25.6701
43.6193
126.563
96.1644
65.7584
47.5283
28.4178
36.9686
35.5113
24.7401
152.581
332.386
26.2351
100.993
97.0288
1.14479
552.949
183.934
72.622
161.575
18.0027
72.541
24.1693
221.2
15.3137
158.867
35.5584
23.9933
347.188
455.075
456.411
143.289
327.402
63.8973
111.527
501.171
59.4924
293.943
329.289
506.268
166.674
680.347
526.454
288.813
751.567
1442.21
51.895
1461.25
440.456
69.9648
50.1665
71.9438
87.663
68.832
316.019
103.209
21.0925
140.116
417.897
95.0149
831.87
88.6131
142.822
120.786
151.386
129.407
51.6004
37.9845
201.472
69.9616
40.5007
124.483
77.15
3.97353
16.8114
71.9267
4.04204
37.3031
109.031
100.841
277.593
278.357
837.223
176.606
724.091
438.189
126.243
77.9984
38.858
31.8187
121.488
133.425
21.022
48.2015
14.7857
12.5561
39.8255
40.4164
8.2392
15.59
38.7251
18.867
23.7903
12.6833
34.9836
20.9348
21.5918
91.4368
28.8072
133.302
51.5474
50.9474
24.4265
11.5609
272.235
20.468
123.711
194.179
239.84
97.9082
118.587
240.734
31.2508
21.1004
242.6
112.145
55.8763
15.2919
19.7297
56.2108
101.809
87.2213
17.2897
116.696
369.868
1.96033
47.2032
45.6167
42.8902
249.393
30.0492
58.0864
35.0142
11.7206
119.931
455.62
67.0175
144.584
109.11
127.285
54.116
140.762
63.5625
27.0638
19.3878
8.83944
62.0329
8.93844
49.9558
72.8034
66.1599
15.6366
70.0732
134.575
116.75
35.4046
11.8761
21.9722
33.5731
44.592
15.149
126.234
118.783
109.618
29.4792
62.3875
74.0702
137.108
308.777
131.348
114.635
69.6848
217.599
237.468
51.7823
39.5183
43.2529
160.86
32.8361
97.8256
64.8038
39.3156
102.838
75.9883
40.0223
55.6475
22.2256
166.366
105.343
165.529
44.6231
145.83
79.6314
24.7047
8.38662
10.33
11.1263
35.5236
30.415
11.3893
17.6093
13.7155
17.9657
208.82
23.264
62.4127
35.6421
333.188
128.994
35.9448
129.449
31.0765
39.1135
12.2951
13.2959
52.1739
5.41104
0.665373
12.7423
121.94
179.842
36.1735
14.7471
64.6598
113.989
12.6075
42.0603
3.43724
40.9103
29.8631
37.3809
41.3834
22.6493
123.714
16.0201
8.40374
38.8141
26.2551
40.5502
16.6135
232.585
427.709
65.537
163.639
947.66
224.032
76.2094
233.428
243.428
525.31
736.975
1073.9
273.239
1854.53
140.807
599.18
1287.32
90.4703
272.932
374.644
1240.7
425.414
108.348
14.3527
99.9207
503.259
188.02
479.172
516.188
2007.68
2209.26
5.55582
40.3169
1043.87
134.746
317.458
259.242
715.766
82.6417
446.893
782.868
446.114
194.394
395.383
1078.55
380.33
374.702
4145.03
133.47
202.568
1412.57
172.568
11.3854
49.8531
16.0092
347.886
259.777
102.546
126.206
149.371
1488.37
343.301
2042.12
162.463
176.859
99.9999
138.094
1213.12
803.656
1207.24
569.885
971.395
8759.67
503.832
848.538
713.961
805.263
1492.98
5506.05
225.586
24.762
34.427
71.1712
582.705
600.578
176.917
804.732
563.729
4033.98
302.544
1127.55
156.101
120.407
203.783
135.093
113.988
561.196
412.242
78.4466
398.264
342.544
554.863
312.569
77.2493
170.593
424.076
71.8788
141.878
238.393
293.621
427.983
368.315
825.464
698.041
116.803
107.278
1166.26
1848.76
482.061
659.592
767.921
148.336
336.368
202.029
569.933
2321.05
713.966
2676.5
821.606
782.084
944.116
61.5643
31.2162
1.21551
178.897
109.857
2.32257
32.5126
53.1234
41.0242
20.7727
98.4338
35.2142
14.5652
4.40053
78.9826
142.41
19.7938
73.8436
800.504
55.2687
74.8671
189.934
396.673
4.99929
35.2143
41.9422
165.049
28.1598
38.9541
103.874
76.2256
168.516
33.5092
51.7545
17.8797
147.276
200.578
184.895
232.614
179.475
70.2185
133.573
189.338
25007.4
1369.67
4500.28
645.772
1071.41
313.666
2601.72
3806.89
272.39
2.9992
40.8719
829.316
32.9699
83.1288
5184.6
20536.4
2234.5
32.8184
1456.47
15.677
371.505
1407.45
308.803
588.528
94.3223
263.734
100.218
29.5948
18889.1
5200.37
36.6999
11127.4
577.263
3.35295
24.5732
101.828
34.7952
168.058
14.9179
124.652
212.087
94.2251
157.015
128.82
213.098
98.8734
341.541
79.7119
104.09
254.524
2.52961
169.338
21.5846
8.46289
16.2281
35.1305
23.2549
62.0528
101.937
177.338
211.17
249.749
307.745
15.0064
137.554
301.841
1405.32
82.0486
325.127
277.579
361.018
148.237
42.2569
243.181
627.276
58.3872
51.8653
24.426
10.7007
27.739
105.608
120.063
371.127
40.4764
104.48
213.008
707.916
22.4564
17.2621
28.3207
43.8502
178.094
376.175
45.9342
11.0383
45.8429
6.83065
5.63327
18.7374
160.444
92.2943
18.6094
19.7117
43.2386
118.71
129.397
298.908
162.363
398.883
543.794
640.141
232.159
464.626
19.7355
11.6607
354.233
343.577
222.126
329.678
303.576
3870.39
394.783
5.69465
249.66
54.1297
448.02
21.3287
110.15
69.3379
193.516
18.5318
159.549
105.846
43.2401
18.3246
0.285472
100.108
8.28114
146.548
237.189
794.676
42.1868
20.837
84.5565
281.808
11.6543
22.3938
27.4793
131.702
117.438
160.678
32.2789
188.272
35.3837
390.881
155.089
18.2766
1836.22
25.8002
53.1054
49.7743
570.362
39.0296
197.401
21.9537
141.05
31.2337
2.82417
159.098
45.5238
28.9489
94.501
9.68692
20.558
66.2631
163.471
74.3939
137.834
76.6858
122.555
94.2115
16.0445
321.391
79.5118
217.026
27.3855
380.176
96.692
67.9348
642.807
40.9554
96.0672
8.01842
33.8424
184.05
60.2108
157.025
20.4896
435.262
327.191
175.731
307.399
56.6247
111.661
144.973
14.2488
216.465
22.8689
212.255
38.2658
7.15929
762.469
435.904
33.4569
786.538
11.9586
89.2316
200.011
133.743
110.011
18.0455
113.121
87.8836
311.289
692.475
382.405
188.118
498.243
2912.73
708.288
1166.79
760.567
449.811
713.279
1034.99
3577.94
3973.86
706.489
72.1124
15.7776
180.217
9.707
320.784
288.766
513.23
188.684
22.7026
91.5884
81.5468
99.8147
7.8415
24.5574
35.0603
62.0278
98.2262
181.297
267.816
297.614
109.091
178.208
631.22
597.778
62.9649
3760.54
12.6573
328.146
11.5599
320.707
151.848
741.172
50.8048
106.834
46.9572
32.6023
7.14381
61.8414
46.5694
3.02056
2.09982
13.4156
45.487
51.366
168.417
145.003
181.952
451.404
181.91
16.1729
49.9684
341.62
139.187
158.616
2939.27
206.452
49.8975
15.1439
47.2165
11.9334
15.2176
62.3278
33.4116
19.4612
60.4229
139.994
7.35844
79.7931
30.5775
167.139
33.1557
44.4677
220.658
83.0946
32.7199
271.334
62.961
194.648
34.6792
124.825
113.578
51.6188
184.468
82.4041
24.6642
44.3239
415.314
80.5915
77.4646
94.7087
109.733
397.538
106.482
161.193
67.9629
1445.41
854.546
835.749
2117.1
345.141
390.873
560.915
396.599
3020.97
106.521
186.42
79.6235
89.4257
119.069
51.7573
167.339
78.3358
5.66972
12.3223
54.7064
34.5579
7.42148
22.963
19.9437
10.9761
39.8187
9.89669
18.4838
6.18531
10.8729
104.128
331.346
29.1022
268.187
12.7002
4.60559
46.8502
11.1319
66.7048
169.299
0.239459
594.841
331.177
401.995
4.54183
90.1612
694.114
286.594
33.5213
89.9105
285.813
176.513
235.393
395.381
161.297
18.0023
64.5198
76.5621
28.5189
40.5014
115.642
114.942
8.26514
154.345
809.833
507.72
57.8055
88.0431
402.916
9.14508
121.952
161.575
1002.84
70.333
445.576
7.31437
36.3525
17.264
3.1584
56.8823
45.931
71.6021
362.769
220.751
34.5731
559.012
22.7114
29.8443
4.81819
46.8537
148.503
89.7038
103.825
812.145
44.4161
9.59323
122.52
1.50139
151.114
11.9815
450.281
142.389
74.3029
16.143
23.7624
39.3029
123.52
42.2135
77.966
15.7432
47.4756
15.7628
49.3662
101.928
115.453
148.7
128.32
458.392
22.9714
22.9382
353.116
35.0369
152.795
2468.53
44.4733
90.6468
302.883
200.335
293.13
488.045
167.097
90.9994
132.748
29.0538
45.9933
138.749
22.403
9.21435
26.4027
11.5334
49.0407
0.754418
21.0227
6.74071
9.35673
12.6427
27.55
24.9683
135.187
121.501
2.04816
82.6925
411.177
78.9435
10.2137
0.90464
4.67752
5.45497
10.2856
17.3034
0.972822
81.6885
26.0656
29.8624
14.7932
29.5787
4.0966
16.2389
159.724
24.9966
7.597
35.8786
15.0033
37.7025
126.227
34.3103
9.13935
204.582
236.597
190.477
431.875
56.1565
60.7026
58.5201
87.7921
442.066
0.700119
23.3383
18.5697
15.3006
62.6578
193.469
169.216
23707.8
1043.31
1500.31
1504.24
1234.2
48.2466
63.3928
495.482
32.2226
67.9072
2062.56
243.727
170.483
1204.1
4671.8
38.8765
227.163
652.465
15.6705
693.336
11718.2
15.1767
2064.12
3999.39
24.7971
273.288
3196.46
167.837
27511.6
529.576
266.636
1786.35
2271.15
207.895
2040.87
35.1359
600.034
1841.99
18.8056
14.2914
12.7194
309.162
39.734
1007.63
2282.72
20755.7
1909.22
314.443
1735.02
288.733
10.9253
39.0179
129.556
2914.64
429.028
1143.94
8111.46
7877.8
549.958
19373.6
3576.34
22699.5
893.966
64.2635
643.873
190.262
201.159
93.9553
70.2522
2144.85
1882.79
601.687
201.243
267.971
23.6619
24.6336
1682.17
1604.86
117.906
11.3951
366.484
94.7224
249.347
17.0481
67.7602
221.084
75.4602
708.105
2286.17
207.526
4.5553
134.051
13.0357
71.3507
732.558
823.699
10.1798
723.489
2445.64
97.9676
94.739
21.2062
10.5122
67.0047
197.259
12.3331
47.6105
314.466
182.012
194.771
34.1508
30709.2
2286.49
35549.2
2867.55
27679.7
21928.1
2075.3
179.074
18268.7
3101.31
46037.8
42.1917
3636.52
13.3358
181.276
741.076
1790.94
494.043
56.2512
32.0913
47.0656
20.253
26.2181
46.3447
9.22033
22.6545
17.944
18.8035
32.6289
11.6599
31.2134
6.8023
23.4545
4.91715
10.271
14.7068
15.7019
12.6812
38.9171
9.48713
16.321
10.8775
32.4564
9.10554
25.3021
48.7133
108.903
63.499
55.3546
11.4872
22.8328
54.0518
46.781
50.3804
138.937
88.824
18.124
21.8503
32.1804
46.4694
55.1552
29.3176
17.9172
32.8424
40.3633
7.70252
27.6975
14.3404
19.8488
14.7712
61.2506
11.7967
72.1444
21.2352
3.24568
13.9596
1.9972
19.9937
52.8879
33.5425
5.4734
30.7771
9.63715
48.17
171.399
9.66361
11.8164
45.0239
29.7425
38.9056
14.0306
39.0451
22.8734
22.3868
93.3925
41.0241
29.5794
139.499
15.8109
12.2859
0.901048
29.0099
55.1539
77.6635
166.565
3.109
15.5822
17.4407
10.0541
14.1468
26.5577
11.7159
16.9244
97.3341
23.6277
3.33403
0.867368
5.80668
24.9799
14.2887
16.8099
49.0572
59.6752
13.4345
41.1588
43.525
48.1364
6.67154
105.911
134.233
124.172
20.0984
40.7621
69.2793
13.2593
25.2841
7.96824
30.7681
72.759
31.8483
24.3727
4.9029
48.0194
6.94468
24.3629
39.2754
78.6236
15.7966
33.6391
215.702
23.8795
170.949
89.9717
22.0938
142.833
16.419
32.7859
103.385
30.8864
25.735
120.271
104.675
245.672
178.536
11.4848
248.467
7.50485
122.806
218.526
41.8842
220.539
70.2156
237.83
120.159
78.0138
265.714
84.7276
56.7506
175.909
195.882
15.9184
64.3394
44.3331
51.6859
4.06389
31.1785
20.7016
19.7583
11.421
12.7859
83.693
116.25
135.229
11.1608
49.1856
25.7557
46.0856
6.70641
18.9949
24.3907
20.8643
50.7491
18.3186
16.9783
13.7812
21.9219
4.1358
13.6612
15.6297
17.3852
97.3517
71.3827
40.8949
39.4589
2.15405
16.0907
87.6353
27.5752
26.7604
24.7856
16.9233
5.76932
34.8833
106.179
53.3289
30.2493
35.9916
38.4067
25.2934
59.2427
66.1084
14.2482
11.6993
86.3385
17.3528
88.8724
3.30187
67.2431
57.256
43.9064
31.0828
0.60276
13.8234
12.8085
25.2944
16.8709
5.87718
36.5556
18.7208
16.2467
17.588
12.5719
34.4593
34.3361
44.6104
95.4614
261.854
787.227
680.002
435.36
93.8852
11.8886
43.1789
82.1189
82.23
258.889
288.148
105.039
68.2879
98.4103
227.027
46.5175
127.592
14.3505
241.805
117.622
311.888
216.774
38.6632
153.808
885.392
594.231
1473.67
625.215
148.574
266.083
386.48
145.349
32.0884
94.8894
143.048
191.501
481.661
276.207
58.0406
17.5821
58.9169
91.7278
44.6017
322.519
159.083
13.7327
363.673
242.4
223.636
47.5565
99.253
74.7063
472.455
550.043
11.4131
10.2901
23.631
258.092
60.8928
71.9471
11.5438
30.568
22.2421
43.8304
345.17
445.158
439.019
270.566
98.6393
235.766
152.228
333.286
174.263
79.6535
56.4311
68.7431
16.505
66.8972
86.9584
12.0117
8.14644
23.1077
92.9175
26.438
12.8059
97.7513
163.659
1004.39
19.3092
212.338
196.033
1292.76
729.247
679.232
16.8788
94.6679
89.9138
535.484
139.593
213.685
1570.51
674.417
4911.64
198.938
117.368
391.016
853.144
609.836
103.053
24.6567
331.541
1082.29
425.532
67.7374
1404.22
512.945
1274.65
241.125
99.0284
151.953
997.954
460.909
384.127
753.469
6.95024
756.95
300.332
17.4064
699.469
461.047
176.032
251.197
253.971
334.704
95.1737
66.9355
172.852
124.749
643.532
226.417
338.085
112.31
38.6981
456.856
119.754
779.292
865.752
353.966
379.405
848.721
447.864
78.0996
124.86
285.911
962.666
438.464
714.227
639.229
21.8883
216.064
973.408
110.603
330.084
93.8639
192.49
201.991
209.251
50.8548
23.6262
106.713
517.247
208.685
290.332
386.978
527.69
133.39
41.7187
80.7196
30.5168
25.9058
137.386
421.738
45.9937
28.6903
1223.16
11.1665
147.199
80.6795
27.0231
101.846
602.209
45.7672
58.5936
183.404
860.796
200.716
1255.77
641.301
258.508
104.976
68.9478
102.015
427.631
16.1433
182.163
27.6625
48.3247
9.27361
28.2812
24.0412
219.509
53.8592
67.1715
9.55829
10.1888
36.5269
212.619
1446.09
319.078
429.71
177.037
390.343
107.838
117.951
115.537
243.424
313.556
116.026
10.1201
45.3566
125.133
28.8124
26.8752
30.7702
134.278
599.867
335.29
27.3822
456.613
409.526
314.389
238.102
13.0375
525.518
425.097
190.232
2186.5
519.829
881.89
1031.49
287.176
126.619
834.318
318.834
61.8864
251.627
66.9636
210.736
161.761
37.2512
174.558
666.02
333.218
679.238
401.956
2961.07
4184.65
1023.86
920.059
240.816
1313.92
63.8129
319.546
1305.09
1107.22
244.29
2685.37
382.493
213.501
32.1864
347.272
193.927
116.065
1143.6
200.016
1119.88
176.663
125.474
47.5909
190.847
32.6487
32.3238
224.539
1048.32
221.678
237.59
39.8667
232.925
187.903
495.005
12.1201
659.638
1046.41
151.502
199.988
399.926
637.994
162.723
189.366
37.3376
21.4219
26.254
24.052
25.6686
15.4066
136.909
81.4702
19.4095
4.69119
350.089
59.9671
421.64
149.271
13.2329
86.3733
54.0697
218.534
141.264
71.8967
390.565
7.54348
127.729
174.448
656.18
159.685
344.082
276.991
448.84
181.89
95.5773
143.163
130.93
1578.88
533.69
1269.02
89.9498
775.688
47.4262
335.821
1417.48
939.555
24.0296
151.641
41.7355
214.839
215.809
75.659
121.339
105.789
127.918
119.125
268.758
119.003
234.574
330.502
164.582
680.582
215.687
243.602
128.419
104.373
407.771
227.729
84.5932
163.47
460.019
19.1141
18.699
151.026
169.46
3.26336
754.266
419.716
30052.8
45.7841
9445.42
25001.3
261.856
833.796
10534.6
137.016
1135.15
1568.66
418.755
156.68
11917.1
1047.79
5879.99
19284.2
2082.58
37.2544
14574.3
832.172
655.772
2610.98
1005.33
123.661
3920.67
1175.02
462.958
771.578
41.7887
65.7956
265.003
748.698
1592.27
122.035
36153.5
53.9834
1854.81
17106.7
28381.6
1023.39
6517.14
2745.36
1556.42
41480.3
107.975
317.328
419.189
163.717
807.918
2113.06
6080.36
1033.42
19929.2
469.406
132.406
4293.99
48.6063
14.0226
103.608
7.33701
63.9386
24.2516
99.1413
179.353
240.253
73.0892
81.7954
82.5645
44.6313
153.618
150.516
161.02
0.59561
427.995
232.758
200.8
45.2243
35.9154
273.933
315.004
41.739
41.6189
19.629
13.2107
172.399
69.4596
11.6976
47.4396
125.004
12.0408
67.5361
18.6146
28.8028
12.4253
80.6646
29.6299
155.942
55.0654
46.143
95.4783
62.7008
219.786
257.188
16.8446
193.667
71.0314
42.2894
8.1225
125.816
83.5447
148.523
53.0304
91.2771
28.2622
41.7337
316.954
238.528
99.0839
77.7836
175.303
209.582
29.6954
425.309
34.0868
31.5625
8.58468
49.2791
96.7793
129.578
383.676
54.5442
432.145
425.231
26.0393
154.108
11.3829
21.5499
81.2326
163.741
12.4121
29.2959
471.658
23.1609
11.8197
199.907
62.9222
27.5286
9.77912
28.0686
70.5083
22.8537
108.647
19.6751
62.455
8.77356
145.035
20.6738
105.787
81.5718
155.775
14.5763
2.59149
120.087
289.422
13.7739
227.308
77.9576
10.1254
220.046
42.152
127.927
468.651
396.622
103.729
20.9951
204.969
238.136
705.346
950.974
70.6414
141.689
22.488
120.061
126.005
285.403
27.8911
199.883
253.749
356.001
27.4447
209.964
81.3967
214.453
104.312
110.253
214.961
82.0818
36.0519
390.964
23.5472
99.2754
86.761
218.014
6.33643
84.0734
55.7599
148.334
0.174263
191.831
19.0727
170.827
303.366
193.004
210.36
261.959
28.0027
249.979
87.2378
159.222
159.086
177.007
852.867
294.079
11.3644
188.939
102.104
235.356
118.474
26.9339
41.7115
102.999
113.482
231.171
200.983
799.323
38.2202
41.9851
68.1334
393.496
177.713
89.05
37.224
126.458
96.91
50.8724
148.327
70.2024
2.17874
164.7
144.975
115.776
54.4669
38.5355
18.8387
143.211
82.4308
105.477
15.0678
27.131
140.138
11.0334
86.8607
60.2872
70.7119
28.439
15.0114
57.7527
15.8461
47.1118
6.81278
6.51098
208.417
33.5789
30.0032
22.8632
83.3575
89.0151
22.3824
24.9454
25.8482
111.52
25.8195
543.127
148.23
17.1254
7.33524
216.938
202.606
201.041
253.795
24.9312
272.736
43.2541
506.783
201.227
135.927
11.9629
2.90581
11.2522
130.427
922.503
47.6889
50.5868
5.32515
556.421
641.973
953.289
29.3817
8.8831
49.8596
686.822
24.5708
160.431
609.338
381.09
388.132
335.862
130.243
68.3568
75.9099
33.831
117.152
13.758
182.773
24.4709
57.3874
67.6508
295.419
1029.99
793.438
325.87
103.429
25.3046
24.1626
12.1229
552.112
443.021
100.662
166.804
605.295
44.9244
16.453
28.5017
90.7246
71.3065
5.65074
79.543
121.309
43.2774
141.008
28.7427
53.874
44.3062
123.961
202.255
263.846
376.004
183.341
405.295
898.068
376.312
131.41
425.421
1112.24
2378.88
2872.27
640.631
1545.02
970.053
259.098
61.4057
54.3929
44.3704
182.243
47.137
155.676
16.7496
40.3473
63.1247
284.823
357.857
44.8083
7.56482
74.4808
47.3477
30.8813
50.3463
76.985
63.0642
49.4746
49.97
85.8721
140.349
28.6076
20.0309
29.1822
48.3612
148.22
79.4064
37.5496
23.3245
159.467
62.4672
49.1525
37.8241
12.5372
37.3217
27.1783
122.916
4.16876
8.44338
86.3359
84.8257
3.6933
88.6059
187.223
102.547
157.508
170.112
77.9384
61.2945
99.6399
35.8589
290.867
507.221
116.794
321.443
24.9926
173.74
90.0682
35.8862
88.8546
48.7894
109.549
66.8143
98.6484
3.19965
85.2809
57.1665
51.1639
45.8056
11.9366
49.1242
79.2468
60.9015
141.978
60.7346
106.95
85.2423
49.9452
228.138
260.784
42.7923
161.071
57.8947
220.347
53.928
72.9486
82.2583
94.7682
80.4558
65.4834
373.102
175.874
355.173
188.212
37.5431
147.448
56.0185
61.4952
48.2522
83.0397
146.6
110.46
81.9706
128.789
32.6365
41.2278
10.8252
70.6984
44.4514
26.3144
11.9528
70.1093
70.8609
41.8487
179.14
40.7778
21.9683
27.5917
73.0023
36.5387
158.724
39.6595
132.848
31.0946
35.6304
46.539
52.3658
111.043
43.6471
42.2652
26.4727
85.6076
137.677
50.5567
31.2212
112.71
89.1667
78.3959
346.914
45.3805
116.18
80.8761
784.961
283.212
78.9105
408.676
153.505
1120.64
14.1914
611.427
593.476
22.2913
291.335
521.02
32.3217
127.488
95.8768
208.326
186.686
213.368
173.361
23.7108
197.819
71.0351
25.3988
10.1406
105.433
80.86
79.4372
106.649
46.2665
347.332
74.2505
28.4269
14.9747
129.475
39.868
212.679
709.897
429.662
63.6248
810.812
83.7358
8.51514
17.1094
71.7956
252.463
29.1205
22.226
22.0256
212.105
138.941
113.678
635.191
35.872
24.3642
26.6099
205.259
444.137
16.9621
0.477759
140.039
81.5937
181.233
57.7667
229.182
58.0186
41.5349
307.289
103.113
117.458
260.889
25.2628
239.179
141.384
97.3601
26.3335
2.51203
92.9647
92.3264
17.6043
253.27
54.87
42.618
255.345
15.127
21.1365
80.07
332.11
21.0983
21.0592
331.728
188.77
139.545
276.862
148.405
134.975
216.884
28.8946
449.779
831.017
211.553
61.1221
17.304
133.144
446.104
155.585
230.989
321.626
2367.55
262.806
3242.14
532.2
288.757
193.933
106.458
1932.64
180.927
726.484
635.283
361.816
99.8832
142.467
268.68
789.38
76.9487
3229.6
256.527
1957.18
1275.76
1710.13
1374.88
253.92
269.217
927.686
191.248
325.074
1131.17
445.871
225.763
276.324
721.119
613.58
470.375
1047.5
589.118
134.514
173.444
141.822
16.7704
57.5974
15.978
109.635
33.174
827.433
1349.42
362.339
77.4824
21.7189
71.1666
82.6204
92.2514
90.2928
1696.45
437.862
956.941
1232.08
1578.95
597.513
107.099
83.8275
404.079
361.747
655.847
87.5269
1004.73
726.28
112.28
2246.65
459.43
309.329
385.984
1654.07
383.202
5532.65
2888.84
319.771
234.266
137.345
110.88
569.572
59.3269
402.573
252.282
123.01
228.502
870.272
634.967
68.4061
1963.33
310.643
139.501
545.195
91.1401
34.5303
182.955
91.509
148.476
11.7558
209.138
333.573
69.3275
1.31195
30.5918
175.312
36.923
211.668
85.9283
612.433
584.802
42.6894
787.132
86.4816
707.691
483.297
14.517
237.504
603.747
291.105
51.9202
7.22424
29.5338
136.676
418.482
16.4684
577.297
2031.46
911.879
102.817
62.0003
273.994
146.822
739.269
66.4602
161.72
54.7398
117.314
284.116
340.126
79.1688
19.5439
201.072
122.288
238.895
328.284
155.672
146.682
438.872
174.041
87.1234
302.554
52.5925
917.706
1509.61
1101.54
1455.64
5009.55
145.246
3544.45
238.612
1224.98
3436.11
53.2567
40.0702
390.278
14.8765
305.773
18.2795
113.999
203.262
71.6973
67.0442
73.4862
490.715
139.733
36.8804
119.516
38.1624
139.06
139.879
18.694
10.4062
80.5298
59.7446
39.0416
226.647
428.835
1177.97
325.803
34.0285
765.318
96.9336
905.334
158.154
120.454
189.4
21.9478
894.928
351.376
264.623
146.485
79.7551
8.90781
105.016
16.7167
837.153
1076.48
372.35
278.758
1560.5
383.227
392.512
1400.65
1777.97
511.937
531.407
479.117
2447.92
355.456
1915.42
3140.11
1123.17
47.5678
605.176
182.613
19.0784
517.134
349.111
1349.31
2152.97
1721.08
133.683
82.929
255.208
892.678
193.789
300.617
413.883
496.568
404.508
14.3753
14.2541
21.3885
171.227
48.9367
118.072
60.3698
86.9952
164.271
155.824
45.4133
59.4591
228.549
83.9351
31.8892
310.835
170.842
70.3438
332.626
96.2091
124.855
27.1386
94.1277
115.536
96.2652
382.218
495.932
270.98
94.4903
125.717
277.508
71.1205
300.751
316.382
232.53
421.968
423.622
1062.32
283.465
506.662
496.012
1198.99
275.708
244.219
35.1379
114.95
27.073
40.88
77.4275
78.2972
54.6812
61.2497
863.915
1355.83
818.925
744.08
170.592
17.6279
67.8748
34.1722
10.6997
134.279
129.687
21.6695
66.2016
134.801
145.512
77.1419
106.608
36.4515
163.769
142.381
115.294
64.1475
358.896
5.76782
124.611
9.4343
110.057
191.124
96.1613
159.7
402.402
323.166
263.96
1150.94
240.149
252.826
273.637
1059.89
66.2532
27.0443
762.226
193.171
149.234
380.401
93.5509
1551.88
350.463
125.922
528.747
784.161
74.7762
115.775
53.5755
18.0645
20.7187
185.275
68.6315
67.5117
90.2701
293.975
193.047
54.1735
175.853
658.461
246.13
230.457
69.085
561.515
45.2603
17.4891
14.0028
39.8533
142.619
347.514
87.9367
37.7789
765.383
48.4832
109.335
116.299
113.362
77.1726
360.62
457.007
60.2407
698.866
117.333
138.049
977.989
580.266
449.999
271.615
547.971
155.64
54.8037
35.9986
27.5392
179.808
341.543
740.118
191.673
200.891
205.867
15.6142
201.459
165.026
128.694
46.3904
138.44
505.906
414.922
816.708
3748.33
1855.12
99.3085
2043.06
183.131
486.794
789.626
538.624
483.129
650.811
1544.74
100.403
38.6719
697.627
1103.39
959.1
330.189
166.574
72.9651
3433.73
662.992
1221.29
609.141
1117.7
679.006
89.4133
121.812
251.878
511.186
1332.08
342.403
137.991
147.974
282.976
339.205
2824.92
728.098
646.76
801.318
178.666
75.6047
87.0869
92.8814
631.342
100.932
1231.49
2600.18
1130.6
247.503
876.094
155.246
1116.16
675.143
121.392
297.431
577.654
282.741
85.3364
219.098
546.672
111.449
34.7938
875.967
257.347
458.708
178.252
276.559
286.637
152.758
602.37
503.683
45.4999
93.5317
709.197
320.847
274.937
952.444
799.993
181.389
23.0966
144.542
25.942
26.5185
80.7495
45.1598
121.297
31.7574
60.5678
27.6128
24.1968
171.268
29.2646
179.418
56.7513
26.1814
22.369
118.466
315.696
137.621
87.9196
1316.96
325.358
1040.56
214.11
213.266
152.915
181.714
845.404
103.431
616.319
416.358
70.2396
38.7054
25.8584
27.5927
187.242
138.368
105.545
224.582
197.429
170.513
50.5789
29.053
46.2463
33.709
54.3559
94.0681
28.1755
63.7475
20.7119
13.591
17.2853
10.7109
33.7857
5.11343
7.71384
55.8814
24.8152
8.4865
34.7671
96.4309
114.541
185.924
253.509
155.217
132.666
31.1046
21.8329
12.2601
37.7116
39.8327
10.1506
16.9578
12.2987
112.24
305.102
257.929
493.001
629.129
54.0545
374.001
136.86
114.164
9.93949
66.442
56.1356
116.566
15.9089
16.9385
53.3747
78.3217
336.214
37.2492
109.997
54.0934
47.1013
15.4804
89.3718
22.0566
97.6907
28.0944
64.3458
23.842
32.5419
27.6173
535.163
150.189
138.35
179.427
100.597
155.003
631.358
299.107
1229.32
539.294
273.83
1007.54
22.1829
659.047
223.015
208.121
99.665
252.361
442.054
123.254
688.74
962.47
239.675
9.96534
63.9821
73.3144
13.1793
91.4518
20.3263
528.392
86.1662
165.991
100.326
313.986
47.8517
188.531
90.0589
204.498
624.908
614.662
236.828
504.521
618.939
230.035
272.59
115.554
706.301
36.3165
651.409
276.073
74.8212
23.2685
471.08
130.862
205.707
176.183
85.2054
13.7752
792.37
175.8
960.082
247.473
358.748
237.056
161.915
21.1721
686.73
20.2464
354.754
664.602
40.9885
322.177
46.4332
115.296
22.2837
32.4951
96.4999
60.9259
24.9154
121.827
3.25854
117.595
136.97
21.6371
22.0329
43.1815
92.5085
29.2054
18.9756
163.904
10.3887
87.1076
76.1656
66.606
214.916
434.347
194.561
352.067
7.18128
210.083
91.4322
76.7819
330.738
329.235
657.511
28.4234
238.986
231.353
78.0179
6.61253
54.0679
280.164
14.2929
150.172
201.475
216.546
47.2807
12.9178
114.944
279.245
12.7449
404.365
170.343
207.444
166.542
54.0224
274.515
106.899
47.3179
573.115
34.3412
76.3664
18.1565
36.8503
24.2146
39.9848
10.3089
43.4122
90.5293
60.6562
125.486
112.038
7.74174
217.052
106.883
39.5724
213.496
116.294
54.5178
692.084
32.6484
13.208
898.218
83.3031
375.126
102.917
109.295
470.009
34747.4
18576.7
726.897
232.242
9517.48
389.598
9668.88
156.936
1609.81
806.059
130.566
517.68
63.5923
294.149
55.8218
404.299
1041.5
586.343
11451.1
5089.63
1326.29
74.4728
3480.45
7640.5
869.56
5542.5
1707.23
157.009
470.542
301.839
1494.97
71.4752
207.863
2668.07
1307.24
199.146
1758.57
1271.81
223.198
838.937
459.901
252.41
38.0859
259.088
360.188
1354.71
477.658
11144.5
1708.77
55.9006
482.387
103.061
41.9023
419.098
169.789
323.851
89.7278
4.62545
32.5051
64.4995
1.95845
308.425
208.973
327.994
17.798
72.8196
215.207
38.1447
32.706
270.665
92.0982
176.002
385.944
32.0715
7.46968
167.749
110.54
174.75
688.377
114.219
235.687
38.2355
92.2194
477.253
471.37
26.6953
23.1148
74.7618
51.0935
4.25207
59.4668
17.5673
3.72478
21.6945
40.7842
6.94412
166.721
11.7412
28.9164
176.116
17.7723
83.9723
23.7503
352.048
3.26137
24.7153
327.938
318.324
245.991
309.424
346.438
83.3472
248.435
140.781
1214.1
379.158
208.419
130.632
41.3804
642.076
504.025
149.231
19.3716
88.6373
17.2381
34.7674
114.692
14.4676
293.939
264.676
290.912
76.1997
13.1435
64.879
116.955
65.9704
15.9114
42.367
41.7496
211.476
147.023
70.5432
27.4589
130.995
21.7191
37.2598
2.4248
22.0691
80.3304
144.032
1.68367
17.5408
37.2773
46.2517
63.9539
29.2198
41.4579
26.8546
38.9075
46.0489
31.8513
106.845
75.7446
24.3422
21.6502
50.5954
11.256
55.7262
51.8606
29.1252
48.7861
17.2717
21.6633
142.945
18.5195
46.6783
26.972
31.5933
15.3682
33.8298
25.4815
33.584
56.4193
23.0527
152.191
25.79
2.10176
36.2273
45.3197
5.89496
18.1931
23.4488
107.003
30.8681
48.3259
225.546
86.0618
29.141
212.635
85.83
38.5734
80.5611
43.7501
55.0613
74.2752
225.891
60.7989
13.8502
10.1415
28.9048
121.325
265.376
34.8099
220.473
129.037
23.7532
27.2134
63.3559
26.5307
39.2587
75.3242
151.639
101.477
21.1264
133.289
59.0413
9.83568
22.2732
43.4654
20.6954
113.267
51.7316
67.9981
157.075
7.10392
9.01333
11.084
99.487
12.3944
26.5357
97.9595
236.517
94.4693
33.802
6.87034
299.285
23.7771
164.149
91.3763
133.32
123.855
14.1824
79.587
17.5651
28.29
9.84477
39.7182
17.5377
10.9858
17.8381
213.572
135.73
202.22
39.6065
441.646
143.106
313.287
156.527
34.1741
8.85631
115.681
66.5583
22.1752
3.52245
74.6124
22.2787
39.1562
26.3364
89.1745
14.6458
47.9319
47.4372
64.0092
55.026
69.076
25.4252
298.162
190.176
384.268
356.233
356.035
121.393
55.0408
226.015
16.3164
348.968
555.206
41.2763
137.247
61.4569
128.835
228.94
15.1579
267.627
274.636
43.3499
612.167
123.795
292.722
451.039
1610.65
377.221
177.664
222.361
739.4
74.2214
140.432
61.6748
1160.66
137.499
283.788
397.487
180.647
206.683
120.813
327.14
37.5126
82.6472
214.179
258.229
375.776
22.6334
280.057
212.887
86.5827
123.679
187.402
42.3621
464.179
48.1582
89.7151
532.198
124.787
573.869
480.44
162.795
517.013
137.315
487.578
205.054
660.308
306.827
742.801
237.79
235.486
64.762
215.144
1036.18
1346.42
605.555
992.554
293.714
1374.35
447.969
877.992
1918.52
1348.13
400.185
840.817
123.108
314.544
68.3874
3636.08
148.965
57.6531
178.19
396.321
163.962
1999.47
578.625
1579.67
235.684
449.764
1446.09
671.064
66.5441
352.016
153.286
37.8019
169.875
194.145
807.823
518.757
184.334
349.096
165.69
184.399
2544.07
3872.8
45.8858
100.82
616.585
705.904
265.103
484.739
1025.67
75.4817
73.6721
523.512
269.865
151.878
382.693
414.077
109.196
1355.99
513.44
694.256
69.2431
493.06
121.449
199.535
51.3462
1492.93
636.528
44.0049
474.706
130.285
1651.9
706.002
198.845
34.922
56.549
160.084
33.726
65.9428
202.62
175.97
53.6919
103.953
158.392
98.6496
64.4548
49.5071
225.558
254.551
236.762
116.982
61.6371
90.9401
210.937
49.025
108.636
117.166
154.13
61.3615
173.979
276.181
184.874
561.42
171.743
199.24
102.812
176.553
161.092
3009.28
424.585
77.543
167.135
21.9802
624.502
879.866
66.7576
59.4813
637.995
1058.06
14.7393
11.2882
353.121
539.121
288.585
117.387
204.421
129.764
13.0349
625.719
43.9433
56.3554
58.865
447.774
14.1226
104.231
2.40033
373.247
195.412
20.1428
418.259
972.574
679.093
763.025
1862.67
2446.92
1607.44
971.037
2239.62
3128.85
3089.96
1049.51
7573.32
176.388
21.7999
25.4154
157.709
549.586
471.011
450.605
122.077
214.733
23.6284
134.837
1253.76
789.526
123.975
383.67
937.065
626.486
342.012
728.357
2785.69
507.13
407.518
606.24
702.17
160.168
163.01
190.511
191.409
334.046
997.362
540.839
617.077
290.18
93.9811
72.3898
86.6892
244.087
199.213
105.625
143.101
768.965
375.572
84.4411
176.657
58.6791
222.009
469.624
342.288
186.73
98.4689
32.3106
888.87
258.34
444.957
302.546
23.7255
257.249
529.86
107.931
297.018
369.364
462.067
90.7247
485.386
638.012
580.645
104.85
55.3922
187.464
107.41
843.919
330.426
271.752
93.0104
587.381
698.761
537.975
73.3354
385.71
506.153
463.627
109.071
957.323
1882.34
467.093
1265.46
440.406
693.648
559.435
259.052
2315.88
1264.23
35.8759
264.381
176.878
76.391
239.505
144.306
283.824
42.7169
80.1285
327.934
1502.12
564.671
921.869
301.071
181.355
26.2453
306.912
93.5204
264.465
576.848
806.493
661.907
306.565
270.192
458.046
2173.85
207.639
693.788
3.94531
57.4438
60.3825
594.12
4815.57
381.027
1921.42
1462.9
21.5242
110.257
420.954
73.7091
372.392
98.8071
327.305
143.933
6087.65
95.68
87.0274
43.0806
2462.92
13580.4
13130.8
10595.7
240.095
30.7711
187.72
334.076
32.9821
491.104
20.1049
1040.67
75.265
392.601
4066.56
122.949
281.03
2663.85
158.953
23983.8
392.707
61.13
13104.5
52.5012
18732.3
1489.24
567.786
388.858
8273.12
3043.77
373.863
12.0796
172.817
72.5844
129.656
15.2525
106.92
15.7007
2056.27
510.451
361.753
581.974
702.123
259.682
8.1946
888.368
102.437
254.902
87.8318
550.024
453.806
156.314
301.498
40.6496
237.781
3629.8
9380.52
7204.82
6380.12
6830.71
818.499
246.119
416.035
494.645
7330.65
2828.11
3484.76
12.0056
71.9252
25.7309
70.4409
11.532
46.04
120.233
410.469
229.396
59.1994
16.6836
31.2491
58.5284
38.8109
295.749
115.749
204.303
61.225
133.97
474.421
251.3
64.9378
54.5493
173.219
337.229
48.8588
104.719
279.887
44.093
36.1546
163.089
92.0426
72.2868
42.6973
95.7568
537.816
287.411
115.992
9.66128
123.369
253.079
618.278
130.276
295.02
372.887
154.164
132.038
196.753
29.709
193.13
89.6253
153.113
119.764
406.838
199.994
42.6988
175.983
122.605
127.218
1.01478
182.989
37.2642
180.61
628.689
61.7377
84.9451
13.4031
17.8589
14.1506
177.335
89.3756
273.06
57.8536
93.4753
506.177
423.195
2.50884
90.3939
82.9744
142.699
35.9133
61.7254
91.7262
338.216
7.86835
7.50767
49.9021
47.7006
62.5086
9.71161
48.1433
70.4363
75.6673
78.3181
105.725
11.5207
18.4347
275.357
128.805
112.597
38.0649
21.6925
104.493
304.131
129.652
101.405
74.5241
251.845
293.234
117.312
36.1112
64.3483
36.038
193.675
149.012
82.0814
100.616
108.138
67.6833
89.9442
189.872
431.644
174.608
77.6678
334.196
196.414
697.255
307.163
423.485
237.246
66.1493
71.3628
89.453
219.49
108.857
141.409
104.984
50.4081
123.064
116.956
66.095
22.9635
210.047
67.4793
816.933
10.0175
231.408
46.8358
34.9436
114.255
51.6709
31.4739
309.979
11.3941
334.9
68.7956
862.447
170.111
2294.93
3183.49
2210.87
999.258
422.884
2129.73
1319.74
3229.51
25.8084
18.2646
122.869
247.155
384.868
62.8718
253.026
349.231
232.84
172.873
2017.96
295.453
105.751
475.079
763.387
75.0996
147.549
185.58
302.11
149.93
22.6121
67.0792
145.525
297.946
38.431
453.389
428.367
98.7481
269.635
285.67
378.426
299.394
148.313
24.227
510.98
21.002
365.011
444.623
4002.54
901.796
733.214
533.764
15.4759
282.494
445.577
272.477
1368.97
268.699
75.0974
82.5863
8.43331
18.6162
175.428
545.218
348.926
86.2993
288.59
276.49
44.2879
198.892
7.28287
1053.26
13.3981
6.18045
23.562
21.3897
19.2625
60.8259
54.4512
82.7172
100.189
256.513
46.8978
157.302
401.11
92.9124
28.9346
48.8975
302.66
117.832
66.4648
105.804
173.88
93.547
31.561
22.7195
7.56449
990.895
219.596
130.678
22.6835
308.577
437.714
702.863
679.891
1743.4
772.811
335.065
1157.68
1765.1
2381.16
209.315
515.101
320.268
618.954
425.059
170.598
514.088
141.181
524.844
415.063
100.525
58.6551
538.882
11.935
369.657
52.8912
199.321
21.2058
571.598
199.42
237.398
363.705
87.3023
50.923
6.1179
8.27443
7.55624
36.6556
16.5025
33.2355
25.3817
21.5085
105.593
34.5291
15.9341
20.7945
156.622
2.79636
83.2611
66.7664
103.232
52.7965
66.3754
30.5916
17.8414
68.6617
23.3407
115.712
14.9553
18.1245
9.86562
22.8992
68.2715
45.1386
14.9617
66.6897
76.3623
24.3579
50.8999
2.76582
26.9582
6.97456
28.9157
57.4614
155.155
546.7
123.309
164.451
368.696
88.386
266.77
241.293
173.978
40.8629
294.166
14.3649
43.7809
29.1192
76.1789
95.2869
51.0568
66.9701
71.8023
10.8775
160.248
9.51323
22.5006
215.462
186.432
84.0079
126.018
93.3712
12.6926
183.964
289.719
361.744
74.2973
241.634
75.8437
55.731
15.3349
20.1822
16.805
84.9693
35.5162
23.4075
197.62
164.678
37.968
113.242
27.9311
11.0674
210.924
20.9043
71.867
55.8105
513.82
417.12
75.491
82.1692
43.5251
607.688
135.144
24.164
40.3397
112.211
36.219
98.9704
113.774
205.726
21.4411
16.6166
727.819
806.382
88.0956
885.497
117.817
301.304
775.054
340.709
1138.82
409.457
622.783
1837.19
1190.86
730.191
223.777
363.205
723.853
613.383
403.964
342.316
226.653
923.89
950.25
108.398
610.699
3559.63
761.026
217.328
253.592
279.006
267.601
1273.65
41.386
105.302
26.1302
21.3567
367.754
183.535
93.2925
499.285
240.437
676.334
88.3792
398.073
164.161
456.313
15.34
288.093
88.2095
12.4189
120.905
724.294
53.0325
56.9693
216.974
71.5235
20.0947
45.4265
181.316
309.334
55.7839
59.0213
77.9658
38.6668
45.9144
31.1261
194.138
136.174
257.138
70.2241
802.059
632.6
396.745
364.287
240.569
824.563
43.2839
57.3918
122.166
106.96
466.347
77.0213
277.561
142.348
483.417
78.1879
276.813
23438.2
1070.14
848.696
6004.71
1161.17
1849.43
216.228
3666.06
21.8874
39.4156
50.8231
1247.6
423.72
16.0265
83.4094
36.5568
4780.72
688.171
17.4545
9.74582
73.5567
24.8293
203.212
14.8591
2500.86
800.272
1367.75
19.8268
116.201
36.8275
9.32953
161.154
110.599
17.2766
14.857
26.0003
45.4394
37.8217
6.127
672.957
27.677
431.861
4436.2
661.649
242.643
150.815
819.734
38.2298
95.8882
1176.18
102.279
67.0577
559.377
552.965
11187.4
9981.08
9816.35
4846.46
3815.14
3698.14
29058.6
270.995
1544.25
1475.4
26708.7
357.357
24.3547
377.939
751.587
203.705
290.531
125.538
145.592
5342.94
612.384
682.505
474.19
417.752
172.636
363.911
380.475
191.728
210.755
349.553
3562.43
301.729
1319.07
64.1195
874.446
472.866
711.643
1228.21
5916.26
47.4128
409.724
148.023
30.9455
41.2723
144.071
30.5192
5555.91
2844.55
275.088
7909.43
350.761
302.11
74.7142
100.755
2150.9
133.071
179.318
112.465
55.1385
13.1657
39.7664
6.57579
8.65215
77.5385
10412.6
1452.58
18587.9
2252.77
1425.58
1235.01
316.323
143.01
1603.74
159.14
970.628
2.1163
24.3502
478.55
100.305
1104.57
73.7738
3880.97
24512.3
38.5871
6071.21
463.165
8453.57
363.193
195.737
464.503
1226.49
52.1818
1242.23
28.333
4780.64
6.9518
8729.87
357.035
92.914
314.786
157.824
43.7482
1330.88
377.436
1719.15
74.2179
985.121
35.5914
147.011
213.754
138.17
136.546
93.4153
234.677
565.107
44.378
5098.06
2999.22
28.7271
49.3193
436.927
1444.49
192.687
574.388
123.096
126.108
32.6233
1064.96
133.254
22.7598
1409.04
259.853
34.492
407.511
2170.12
602.288
733.473
1074.91
30.9058
169.258
202.735
90.6915
862.385
380.307
583.72
362.851
1.61494
47.2316
141.909
80.0239
19.6903
384.178
6.87444
99.873
77.0736
17.7589
46.1248
166.343
3.67317
7.2645
19.5984
6.15843
419.588
707.661
73.4115
275.467
82.6308
306.251
251.825
9.76993
9.43026
19.0281
11.7615
134.411
293.581
94.686
149.729
44.0048
10.8677
13.0026
121.066
437.498
78.0341
10731.6
13105.5
1918.94
12499.9
13233.9
1188.05
390.744
233.686
4364.79
10163.2
2346.14
379.368
244.678
7329.26
2623.81
3362.01
6324.87
542.275
8281.69
1111.62
1514.63
590.018
316.694
2741.69
43.5525
41.3856
9.66827
112.671
130.388
50.3194
288.395
9162.29
3779.86
15.242
7347.68
101.199
44.6405
5815.23
193.404
2403.7
2321.53
361.89
177.24
265.695
23.7298
5812.55
14051.2
5499.35
10336.5
1827.77
23.8127
55.7269
26.1742
22.7698
582.749
1029.64
132.057
687.328
136.411
57.2286
1872.47
632.114
25.1419
84.8727
41.2497
276.118
2483.96
94.354
34.1159
31.6519
579.431
287.161
249.039
121.845
56.3962
136.701
194.463
12.8514
65.2169
